1663577973316 0.40965732088258994 1
1663578064502 0.49359640022098256 2
1663578155864 0.5337487019730011 3
1663578247130 0.5759778470884107 4
1663578338435 0.5996884735821439 5
1663578429477 0.633091035001457 6
1663578520658 0.6381100726895119 7
1663578610692 0.6626860505158862 8
1663578696883 0.669089650480588 9
1663578783053 0.6886465905570126 10
1663578870575 0.7017999307306302 11
1663578959960 0.7140879197779226 12
1663579051045 0.728798892309031 13
1663579142064 0.7315680166560088 14
1663579233085 0.7448944270961546 15
1663579323916 0.7788161994594733 16
1663579415321 0.7717203184286588 17
1663579506241 0.792488750412044 18
1663579597694 0.802180685378887 19
1663579688656 0.8092765663065437 20
