1663577973316 8.947195920287305 1
1663578064502 7.921942631651184 2
1663578155864 7.305516799043396 3
1663578247130 6.68753099359002 4
1663578338435 6.2868095555079355 5
1663578429477 5.910802835904838 6
1663578520658 5.753310699700567 7
1663578610692 5.396770353835526 8
1663578696883 5.250285616709972 9
1663578783053 4.995383862930831 10
1663578870575 4.742822930325105 11
1663578959960 4.604611809751327 12
1663579051045 4.343096422216561 13
1663579142064 4.227904728763695 14
1663579233085 4.073781193726283 15
1663579323916 3.6973796841511475 16
1663579415321 3.7042935435109254 17
1663579506241 3.518607507324747 18
1663579597694 3.3052740993281886 19
1663579688656 3.1675302459113364 20
