1663577973316 0.9835583247829779 1
1663578064502 0.749394254129046 2
1663578155864 0.6606092074207056 3
1663578247130 0.5887850468114983 4
1663578338435 0.5413637937208738 5
1663578429477 0.4854620976528935 6
1663578520658 0.4745586707584583 7
1663578610692 0.43509865006223686 8
1663578696883 0.41761855321509816 9
1663578783053 0.38733125653139816 10
1663578870575 0.36673589479390956 11
1663578959960 0.3459674627692611 12
1663579051045 0.32260297684984746 13
1663579142064 0.31602630672177545 14
1663579233085 0.2969885773933565 15
1663579323916 0.2519903080753902 16
1663579415321 0.2604707511249567 17
1663579506241 0.23935617860851505 18
1663579597694 0.22152994115868832 19
1663579688656 0.21581862236325738 20
