1663546106814 0.41484942888359416 1
1663546193444 0.5148840429833208 2
1663546280379 0.5598823122600239 3
1663546369378 0.6064382138735862 4
1663546460475 0.6372447214187656 5
1663546551628 0.6709934232886088 6
1663546642571 0.6860505364765631 7
1663546733549 0.702665282125166 8
1663546824832 0.7222222222222222 9
1663546916023 0.7377985462303928 10
1663547007338 0.7632398754306713 11
1663547098417 0.7776047075318812 12
1663547189481 0.7876427830317805 13
1663547280416 0.8120456905916266 14
1663547368716 0.8248528902115563 15
1663547455456 0.8456213222568363 16
1663547543081 0.868812737992248 17
1663547632714 0.8795430944963655 18
1663547723984 0.8956386293866471 19
1663547814973 0.9112149532710281 20
