1663546106814 10.249549980929418 1
1663546193444 8.771437249492303 2
1663546280379 7.982507361718716 3
1663546369378 7.1510760892258665 4
1663546460475 6.677823499314469 5
1663546551628 6.043916474332773 6
1663546642571 5.759774676158214 7
1663546733549 5.466456467653897 8
1663546824832 5.106758729856128 9
1663546916023 4.858153406745961 10
1663547007338 4.435492040047228 11
1663547098417 4.204886772097003 12
1663547189481 3.962919924159329 13
1663547280416 3.568434823710599 14
1663547368716 3.3614685561839335 15
1663547455456 2.9101217515578357 16
1663547543081 2.6583768220540356 17
1663547632714 2.4193159601357452 18
1663547723984 2.1202823106043476 19
1663547814973 1.8052526218188019 20
