1663546106814 0.9494634820912362 1
1663546193444 0.7002422983834553 2
1663546280379 0.6163032191379048 3
1663546369378 0.5301142263862244 4
1663546460475 0.48148148149179726 5
1663546551628 0.4177916234403632 6
1663546642571 0.38906195919668024 7
1663546733549 0.3591208030615104 8
1663546824832 0.3303911388848801 9
1663546916023 0.3054690204248704 10
1663547007338 0.2718933887570818 11
1663547098417 0.2519903080676534 12
1663547189481 0.23987538942873127 13
1663547280416 0.20854967119744097 14
1663547368716 0.19505019039276686 15
1663547455456 0.16908965039806162 16
1663547543081 0.1433021806879372 17
1663547632714 0.1306680512287989 18
1663547723984 0.11232260297809805 19
1663547814973 0.09380408445829007 20
