1663602454225 0.38144686742817585 1
1663602552086 0.453963309103496 2
1663602649739 0.4878850813430253 3
1663602748193 0.5219799238490828 4
1663602846421 0.541883004499827 5
1663602944427 0.5612668743509865 6
1663603042640 0.5809968847352025 7
1663603140447 0.5998615437867775 8
1663603238007 0.6173416407061267 9
1663603336504 0.6308411214953271 10
1663603434572 0.6388023537556248 11
1663603532986 0.6526479750778816 12
1663603630838 0.6597438560055382 13
1663603728490 0.6754932502596054 14
1663603826580 0.6780893042575286 15
1663603924890 0.6903772931810315 16
1663604023023 0.6964347525095189 17
1663604121148 0.7083766008999653 18
1663604219342 0.7116649359640014 19
1663604317243 0.7229145032883351 20
