1663602454225 17.7796212988933 1
1663602552086 16.27869645465654 2
1663602649739 15.11503194780571 3
1663602748193 14.342491816054912 4
1663602846421 13.648008909717321 5
1663602944427 12.952183415461429 6
1663603042640 12.414240327414529 7
1663603140447 11.970694435967339 8
1663603238007 11.567642088124561 9
1663603336504 11.085358648739211 10
1663603434572 10.79401821263235 11
1663603532986 10.435489846332215 12
1663603630838 10.130775817086764 13
1663603728490 9.98087701899818 14
1663603826580 9.725679155285691 15
1663603924890 9.400742244291322 16
1663604023023 9.191936106036469 17
1663604121148 8.923850271106797 18
1663604219342 8.759181358196118 19
1663604317243 8.476306140195874 20
