1663602454225 1.0877466251298027 1
1663602552086 0.8724472135687089 2
1663602649739 0.7552786431291104 3
1663602748193 0.6818968501211492 4
1663602846421 0.6382831429560402 5
1663602944427 0.6005538248528903 6
1663603042640 0.5650744202146071 7
1663603140447 0.539460020768432 8
1663603238007 0.5069228106611284 9
1663603336504 0.48286604361370716 10
1663603434572 0.46902042229145036 11
1663603532986 0.4453097957770855 12
1663603630838 0.43440636898580826 13
1663603728490 0.4105226722049152 14
1663603826580 0.4027345102111457 15
1663603924890 0.3859466943579093 16
1663604023023 0.3740048459674628 17
1663604121148 0.3579093111803392 18
1663604219342 0.35133264105226725 19
1663604317243 0.33817930079612324 20
