1663596586564 0.3776393215645552 1
1663596680057 0.4352717203184493 2
1663596772620 0.46763586015922465 3
1663596865787 0.49463482173762546 4
1663596960740 0.5055382485289027 5
1663597057635 0.5257874697127034 6
1663597156143 0.5470751124956732 7
1663597254394 0.5676704742125303 8
1663597351381 0.5730356524749048 9
1663597444168 0.5898234683281413 10
1663597537449 0.5976116303219107 11
1663597632326 0.6152647975077882 12
1663597729008 0.622533748701973 13
1663597827447 0.6375908618899273 14
1663597926018 0.6370716510903427 15
1663598024050 0.6484942886812046 16
1663598121883 0.6514364832121842 17
1663598220023 0.6533402561439945 18
1663598317798 0.6680512287988923 19
1663598416614 0.6749740394600208 20
