1663596586564 10.908248103832696 1
1663596680057 10.128055896673207 2
1663596772620 9.463716979338743 3
1663596865787 8.97422915620761 4
1663596960740 8.650340682373363 5
1663597057635 8.312867746092365 6
1663597156143 8.051140747667803 7
1663597254394 7.738997043809003 8
1663597351381 7.587774063485352 9
1663597444168 7.37418990235875 10
1663597537449 7.211554845834364 11
1663597632326 6.936833536183393 12
1663597729008 6.810035067802897 13
1663597827447 6.584586228825882 14
1663597926018 6.521368341653889 15
1663598024050 6.384559764710212 16
1663598121883 6.293904258289648 17
1663598220023 6.180564771766438 18
1663598317798 6.06538684197304 19
1663598416614 5.953486391152012 20
