1663596586564 1.0759778470058843 1
1663596680057 0.9105226722049152 2
1663596772620 0.8032191069574247 3
1663596865787 0.7272412599515403 4
1663596960740 0.6971270335756317 5
1663597057635 0.6493596400138456 6
1663597156143 0.6123226029768086 7
1663597254394 0.5860159224645206 8
1663597351381 0.5742471443406023 9
1663597444168 0.5455174800969194 10
1663597537449 0.532017999307719 11
1663597632326 0.5043267566632053 12
1663597729008 0.49255797853928696 13
1663597827447 0.4643475250951887 14
1663597926018 0.46607822776047075 15
1663598024050 0.4451367255105573 16
1663598121883 0.44098303911388026 17
1663598220023 0.4357909311180339 18
1663598317798 0.41675320179993075 19
1663598416614 0.40654205607476634 20
