1663525251125 0.4089650398061613 1
1663525349058 0.5233644859813084 2
1663525447034 0.5939771547248183 3
1663525544631 0.6220145379023884 4
1663525637925 0.6583592938733126 5
1663525731441 0.6947040498442367 6
1663525826380 0.7159916926272066 7
1663525924128 0.7402215299411561 8
1663526022399 0.7429906542056075 9
1663526120517 0.7718933887158186 10
1663526215984 0.7838352371062651 11
1663526309208 0.8184492904119073 12
1663526403350 0.8258913118726203 13
1663526499830 0.8532364139840776 14
1663526597891 0.8534094842506057 15
1663526695784 0.8854274835583247 16
1663526793530 0.8904465212876428 17
1663526891522 0.9084458290065767 18
1663526989931 0.9072343371408792 19
1663527087900 0.9323295257874697 20
