1663525251125 5.937225412274365 1
1663525349058 4.941784889733515 2
1663525447034 4.311711766473064 3
1663525544631 3.9586018274795145 4
1663525637925 3.621624098388577 5
1663525731441 3.3215223124547992 6
1663525826380 3.0958670133866004 7
1663525924128 2.8857560596815977 8
1663526022399 2.796814619298211 9
1663526120517 2.5375333469439725 10
1663526215984 2.350956652518497 11
1663526309208 2.075598233214049 12
1663526403350 1.916044906220167 13
1663526499830 1.7418480661345337 14
1663526597891 1.7142089092430255 15
1663526695784 1.3796869247027357 16
1663526793530 1.3283129968148857 17
1663526891522 1.1099259121767087 18
1663526989931 1.1821698620889622 19
1663527087900 0.8781502843418927 20
