1663525251125 0.847005884389062 1
1663525349058 0.6253028729664244 2
1663525447034 0.5129802699896158 3
1663525544631 0.4643475250951887 4
1663525637925 0.40481135340948426 5
1663525731441 0.35358255451713394 6
1663525826380 0.32087227414330216 7
1663525924128 0.29075804776739356 8
1663526022399 0.28868120456905505 9
1663526120517 0.2502596053997923 10
1663526215984 0.23243336794738664 11
1663526309208 0.19418483904465214 12
1663526403350 0.18622360678435446 13
1663526499830 0.15524402907580478 14
1663526597891 0.1557632398753894 15
1663526695784 0.12097611630321911 16
1663526793530 0.1142263759086189 17
1663526891522 0.09484250605745932 18
1663526989931 0.09795777085496711 19
1663527087900 0.07061266874350987 20
