1663547907585 0.40463828316358763 1
1663547998726 0.4899619245516796 2
1663548089644 0.5610938040431951 3
1663548180962 0.5955347871648353 4
1663548272042 0.6344755971749458 5
1663548363070 0.6621668397781963 6
1663548454101 0.6791277259185926 7
1663548544984 0.709068882027973 8
1663548635897 0.7189338870962915 9
1663548726953 0.7426445137138142 10
1663548817851 0.7710280374244407 11
1663548909135 0.785565939833442 12
1663549000311 0.7949117342053338 13
1663549091244 0.8298719280234007 14
1663549182220 0.8310834199716245 15
1663549273113 0.8587746626161382 16
1663549364038 0.873658705455038 17
1663549455287 0.8899273105499529 18
1663549546401 0.9119072342752461 19
1663549637219 0.9198684665974386 20
