1663547907585 11.848602841906418 1
1663547998726 10.258775770148425 2
1663548089644 8.942918266957918 3
1663548180962 8.269816102020961 4
1663548272042 7.515413375080725 5
1663548363070 6.885883291686188 6
1663548454101 6.540736675922662 7
1663548544984 6.036183405269096 8
1663548635897 5.756262279043729 9
1663548726953 5.31998495529085 10
1663548817851 4.865412640629363 11
1663548909135 4.5022093958407385 12
1663549000311 4.268043853783533 13
1663549091244 3.6701899910105187 14
1663549182220 3.678546273035754 15
1663549273113 3.1173119733555583 16
1663549364038 2.7655500056793962 17
1663549455287 2.4612907576041057 18
1663549546401 2.0910419882189735 19
1663549637219 1.9527736105032552 20
