1663547907585 0.9690204221676608 1
1663547998726 0.7360678435857422 2
1663548089644 0.610072689553205 3
1663548180962 0.5444790585286975 4
1663548272042 0.4806161302107352 5
1663548363070 0.4286950501284825 6
1663548454101 0.3966770509032899 7
1663548544984 0.3528902734819685 8
1663548635897 0.3310834198736245 9
1663548726953 0.2997577016320184 10
1663548817851 0.25960539983357883 11
1663548909135 0.24247144343697022 12
1663549000311 0.22776047079238812 13
1663549091244 0.1862236067869334 14
1663549182220 0.18864659051703886 15
1663549273113 0.1545517480109814 16
1663549364038 0.1384562132251473 17
1663549455287 0.11872620286929975 18
1663549546401 0.09484250607293301 19
1663549637219 0.0879196953963309 20
