1664109838730 0.3811007268951194 1
1664109900581 0.46002076843198336 2
1664109962421 0.5481135340948425 3
1664110023936 0.6012461059190031 4
1664110084919 0.6386292834890965 5
1664110146443 0.6635514018691588 6
1664110207712 0.6953963309103496 7
1664110269253 0.7135687088958117 8
1664110330346 0.7332987192800277 9
1664110391813 0.7398753894080997 10
1664110452826 0.7786431291104188 11
1664110514178 0.7815853236413984 12
1664110574792 0.7874697127033575 13
1664110636086 0.8120456905503635 14
1664110697249 0.831429560401523 15
1664110758862 0.8411214953271028 16
1664110820116 0.8624091381100727 17
1664110880849 0.8651782623745241 18
1664110942444 0.8814468674281758 19
1664111003921 0.8824852890273451 20
1664111066034 0.9094842506057459 21
1664111127582 0.9162339910003462 22
1664111189382 0.9003115264797508 23
1664111250693 0.9259259259259259 24
1664111312243 0.926791277258567 25
