1664109838730 33.53106668062299 1
1664109900581 30.11740231802819 2
1664109962421 25.869034550271675 3
1664110023936 22.932030397866086 4
1664110084919 20.258222764154834 5
1664110146443 18.93333175133652 6
1664110207712 17.492751351604415 7
1664110269253 16.394902811614894 8
1664110330346 15.418568753255366 9
1664110391813 14.485171954827393 10
1664110452826 12.738015905388831 11
1664110514178 12.578724008482936 12
1664110574792 12.151649099602837 13
1664110636086 10.849451916735244 14
1664110697249 10.204061751713922 15
1664110758862 9.327978231701401 16
1664110820116 8.252737000208075 17
1664110880849 7.969361689231849 18
1664110942444 7.567065368188876 19
1664111003921 7.5182687504227985 20
1664111066034 5.644338453959 21
1664111127582 5.378365303249498 22
1664111189382 5.959618654371587 23
1664111250693 4.697051963423643 24
1664111312243 4.901179029304868 25
