1664109838730 1.168570439598477 1
1664109900581 0.8632744894427138 2
1664109962421 0.6524749048113534 3
1664110023936 0.5290758047767393 4
1664110084919 0.4570785739010038 5
1664110146443 0.4132917964693666 6
1664110207712 0.36465905157493944 7
1664110269253 0.3307372793354102 8
1664110330346 0.3044305988231222 9
1664110391813 0.2890273451021115 10
1664110452826 0.24056767047421254 11
1664110514178 0.24108688127379715 12
1664110574792 0.2284527518172378 13
1664110636086 0.20266528210453444 14
1664110697249 0.17947386638975424 15
1664110758862 0.1673589477327795 16
1664110820116 0.14382139148494288 17
1664110880849 0.1407061266874351 18
1664110942444 0.12218760816891658 19
1664111003921 0.12287988923502942 20
1664111066034 0.0927656628591208 21
1664111127582 0.08670820353063344 22
1664111189382 0.10228452751817238 23
1664111250693 0.07563170647282796 24
1664111312243 0.07511249567324334 25
