1663587036742 0.4115610938866108 1
1663587122819 0.5012114919275922 2
1663587208856 0.5635167878364848 3
1663587295537 0.6036690896297665 4
1663587383841 0.6368985808857092 5
1663587474134 0.6616476289786117 6
1663587565259 0.6813776393215646 7
1663587656566 0.7040498442161286 8
1663587747699 0.7154724817863588 9
1663587839248 0.7353755624164715 10
1663587930506 0.7530287296229805 11
1663588022002 0.7736240914017323 12
1663588113057 0.7914503288747695 13
1663588203973 0.8047767394593365 14
1663588294128 0.8177570092838996 15
1663588380384 0.8456213221949416 16
1663588466559 0.8575631706060196 17
1663588554053 0.8797161648660516 18
1663588643549 0.8752163378331602 19
1663588734420 0.900484596746279 20
