1663587036742 18.34985878311585 1
1663587122819 15.869326330048272 2
1663587208856 14.176022416706026 3
1663587295537 12.844704510803329 4
1663587383841 11.977983753340348 5
1663587474134 10.940088081954054 6
1663587565259 10.443550325422066 7
1663587656566 9.781158885975616 8
1663587747699 9.19879774999437 9
1663587839248 8.806438988242936 10
1663587930506 8.007541351806916 11
1663588022002 7.534427443768748 12
1663588113057 7.034954339750666 13
1663588203973 6.6033272419721865 14
1663588294128 6.093002724210132 15
1663588380384 5.251069843996021 16
1663588466559 5.016033908412217 17
1663588554053 4.190884779381809 18
1663588643549 4.2936520770413935 19
1663588734420 3.5540451208337775 20
