1663587036742 0.9775008653513326 1
1663587122819 0.7265489788957433 2
1663587208856 0.6163032191482206 3
1663587295537 0.5375562478366217 4
1663587383841 0.48303911390086696 5
1663587474134 0.43111803392693016 6
1663587565259 0.40221529947345586 7
1663587656566 0.3629283489096573 8
1663587747699 0.3402561440357249 9
1663587839248 0.3142956040203881 10
1663587930506 0.2876427829905174 11
1663588022002 0.2616822430061279 12
1663588113057 0.23952924890599064 13
1663588203973 0.22152994115739885 14
1663588294128 0.20145379025431065 15
1663588380384 0.16718587748172498 16
1663588466559 0.15732087230509068 17
1663588554053 0.13066805123008837 18
1663588643549 0.13637937002422984 19
1663588734420 0.10643821391484942 20
