1663585259317 0.42125302873998005 1
1663585350665 0.5046728972787881 2
1663585442452 0.5674974040285284 3
1663585534300 0.5976116303012791 4
1663585625349 0.6384562132225684 5
1663585716853 0.6668397369435106 6
1663585804701 0.6786085150158501 7
1663585890999 0.7090688819248151 8
1663585977086 0.7161647629556296 9
1663586062972 0.7371062651849115 10
1663586149365 0.7559709242364864 11
1663586236657 0.7826237453024624 12
1663586326244 0.7940463828726927 13
1663586416855 0.8073727933747333 14
1663586503901 0.8182762200834842 15
1663586590275 0.8530633437588125 16
1663586676912 0.8570439598683297 17
1663586765401 0.8816199377153356 18
1663586855601 0.8933887158392539 19
1663586947038 0.9119072343371408 20
