1663585259317 16.99788397263804 1
1663585350665 14.8685148885482 2
1663585442452 12.989955223072933 3
1663585534300 12.044138338954525 4
1663585625349 10.99559704446182 5
1663585716853 10.12321910349792 6
1663585804701 9.63174327165043 7
1663585890999 8.91557860547756 8
1663585977086 8.607915577239831 9
1663586062972 7.908375679311888 10
1663586149365 7.46546581303962 11
1663586236657 6.737335406112275 12
1663586326244 6.48225994397299 13
1663586416855 6.014487106934597 14
1663586503901 5.7216557761549165 15
1663586590275 4.827327913955736 16
1663586676912 4.657436368291293 17
1663586765401 3.9928925954251606 18
1663586855601 3.6648437853047655 19
1663586947038 3.1537690468418758 20
