1663585259317 0.9513672551674676 1
1663585350665 0.7426445136519195 2
1663585442452 0.6093804085077238 3
1663585534300 0.553132571803529 4
1663585625349 0.47992384902083285 5
1663585716853 0.42731048803752003 6
1663585804701 0.3997923157214293 7
1663585890999 0.3544479058807224 8
1663585977086 0.34198684669069124 9
1663586062972 0.3084112149945342 10
1663586149365 0.2834890966144719 11
1663586236657 0.24956732434399526 12
1663586326244 0.23243336795254455 13
1663586416855 0.2161647628963138 14
1663586503901 0.20110764972125422 15
1663586590275 0.16026306681028077 16
1663586676912 0.15801315334283508 17
1663586765401 0.12893734856609573 18
1663586855601 0.11439944617772606 19
1663586947038 0.0960539979231568 20
