1663496114529 0.4151955693805453 1
1663496205625 0.5091727241259951 2
1663496298061 0.5818622360059488 3
1663496390608 0.6263412945243305 4
1663496482870 0.6571478020076151 5
1663496575215 0.6832814122121117 6
1663496667673 0.7104534441808302 7
1663496760069 0.729318103191142 8
1663496852413 0.7476635515050271 9
1663496944712 0.76548978879238 10
1663497037206 0.7924887503707809 11
1663497129746 0.8144686742404952 12
1663497222310 0.8291796469366562 13
1663497314559 0.8547940463828314 14
1663497407000 0.8719280027072295 15
1663497499079 0.9023883696161945 16
1663497591771 0.9087919695602646 17
1663497683954 0.9297334718308097 18
1663497776378 0.9321564555209415 19
1663497868701 0.9489442714773358 20
1663497961578 0.9662512981095253 21
1663498054152 0.9768085842852198 22
1663498146873 0.9622706820000081 23
1663498239228 0.9807892004153687 24
1663498331944 0.9878850813430252 25
