1663496114529 28.41423070121282 1
1663496205625 23.989711255093024 2
1663496298061 21.174154243654097 3
1663496390608 18.681861095091758 4
1663496482870 17.125782727947612 5
1663496575215 15.609331531069113 6
1663496667673 14.467344769972673 7
1663496760069 13.433921298010203 8
1663496852413 12.538856534571662 9
1663496944712 11.641839285877264 10
1663497037206 10.320035023357514 11
1663497129746 9.523141074651003 12
1663497222310 8.971978220901674 13
1663497314559 7.796103551999307 14
1663497407000 6.98621611200678 15
1663497499079 5.435280527198715 16
1663497591771 5.088740617356609 17
1663497683954 4.0034963012608165 18
1663497776378 4.030687716395931 19
1663497868701 3.202491790541071 20
1663497961578 2.217499564204838 21
1663498054152 1.6340711478875063 22
1663498146873 2.604408782425534 23
1663498239228 1.251154167237848 24
1663498331944 0.8328398194392275 25
