1663496114529 0.9948078920660485 1
1663496205625 0.7263759085776361 2
1663496298061 0.5912080304655248 3
1663496390608 0.5006922810970602 4
1663496482870 0.4505019038348266 5
1663496575215 0.3963309103908651 6
1663496667673 0.35358255451713394 7
1663496760069 0.32225683628068574 8
1663496852413 0.2969885773636986 9
1663496944712 0.27327795088930745 10
1663497037206 0.23589477329342454 11
1663497129746 0.20612668747636181 12
1663497222310 0.19487712011076497 13
1663497314559 0.1592246452059536 14
1663497407000 0.13984077537026773 15
1663497499079 0.10695742472990775 16
1663497591771 0.10072689512199744 17
1663497683954 0.07736240914326797 18
1663497776378 0.07892004153686397 19
1663497868701 0.057632398755183556 20
1663497961578 0.03617168578692232 21
1663498054152 0.02596053997923157 22
1663498146873 0.045344409831680615 23
1663498239228 0.0199030806507442 24
1663498331944 0.012980269989615784 25
