1663523300767 0.4035998615437868 1
1663523398924 0.5193838698511596 2
1663523497127 0.5820353063343717 3
1663523595217 0.6208030460366909 4
1663523693479 0.6457251644167532 5
1663523791572 0.6857043959847698 6
1663523889787 0.6955694011768778 7
1663523988034 0.7218760816891658 8
1663524086048 0.7405676704742126 9
1663524184006 0.7606438213914849 10
1663524281960 0.7758740048459675 11
1663524376596 0.7869505019037729 12
1663524469778 0.8078920041536864 13
1663524564031 0.8276220145379024 14
1663524660685 0.8416407061266874 15
1663524758668 0.867601246105919 16
1663524857122 0.8776393215645553 17
1663524955634 0.8925233644859814 18
1663525053558 0.9020422291450328 19
1663525151715 0.9141571478020076 20
