1663523300767 4.723796226277654 1
1663523398924 3.99131321106538 2
1663523497127 3.536461573399735 3
1663523595217 3.231016037248748 4
1663523693479 2.9936417377131255 5
1663523791572 2.731254944136168 6
1663523889787 2.6212780448382764 7
1663523988034 2.437923240760653 8
1663524086048 2.2840967669376413 9
1663524184006 2.141538643638912 10
1663524281960 1.9832397359760214 11
1663524376596 1.8609261391184742 12
1663524469778 1.711911462425319 13
1663524564031 1.5783946635443349 14
1663524660685 1.471336652886789 15
1663524758668 1.2657326368074098 16
1663524857122 1.1978354511705804 17
1663524955634 1.0543641041372425 18
1663525053558 0.9745084632841845 19
1663525151715 0.8931621717893209 20
