1663523300767 0.8842159916926272 1
1663523398924 0.6502249913464867 2
1663523497127 0.5467289719626168 3
1663523595217 0.4755970924195223 4
1663523693479 0.43129110418830047 5
1663523791572 0.37037037037037035 6
1663523889787 0.35600553824852893 7
1663523988034 0.320699203876774 8
1663524086048 0.29179646936656284 9
1663524184006 0.26566285912080306 10
1663524281960 0.24800969193492559 11
1663524376596 0.23277950848044307 12
1663524469778 0.2052613361024576 13
1663524564031 0.1855313257182416 14
1663524660685 0.16908965039806162 15
1663524758668 0.138975424022153 16
1663524857122 0.1322256836275528 17
1663524955634 0.11457251644167532 18
1663525053558 0.10228452751817238 19
1663525151715 0.09068881966078228 20
