1663521358954 0.4148494288681205 1
1663521456161 0.5055382485289027 2
1663521553667 0.5581516095534788 3
1663521650673 0.5944963655244029 4
1663521748701 0.6282450674974039 5
1663521846312 0.6640706126687436 6
1663521943664 0.6857043959847698 7
1663522041198 0.698165455174801 8
1663522138686 0.7185877466251298 9
1663522236215 0.7237798546209762 10
1663522333641 0.7538940809968847 11
1663522431220 0.7694704049844237 12
1663522529030 0.7796815507095881 13
1663522625476 0.7857390100380754 14
1663522718664 0.8025268258913119 15
1663522811983 0.8291796469366562 16
1663522907364 0.8409484250605745 17
1663523005162 0.8572170301142263 18
1663523103051 0.8686396677050883 19
1663523201242 0.8746971270335756 20
