1663521358954 3.4667205751127916 1
1663521456161 3.0242008819593282 2
1663521553667 2.75011500638841 3
1663521650673 2.5450198185736848 4
1663521748701 2.355750263583169 5
1663521846312 2.183054766963617 6
1663521943664 2.043400688376052 7
1663522041198 1.9489008120988718 8
1663522138686 1.8386632277452644 9
1663522236215 1.7819416345548118 10
1663522333641 1.6393409353839192 11
1663522431220 1.5427991603641371 12
1663522529030 1.4725542517837333 13
1663522625476 1.4024234362728003 14
1663522718664 1.321773393482599 15
1663522811983 1.1852247882524796 16
1663522907364 1.1119642392208353 17
1663523005162 1.0009753600087865 18
1663523103051 0.9550993380331176 19
1663523201242 0.8869405088642552 20
