1663521358954 0.9112149532710281 1
1663521456161 0.6812045690550363 2
1663521553667 0.5910349601938387 3
1663521650673 0.5321910695742471 4
1663521748701 0.4780200761509173 5
1663521846312 0.4155417099342333 6
1663521943664 0.380754586362063 7
1663522041198 0.3592938733125649 8
1663522138686 0.3298719280027691 9
1663522236215 0.32087227414330216 10
1663522333641 0.28521979923849083 11
1663522431220 0.2604707511249567 12
1663522529030 0.2466251298026999 13
1663522625476 0.23641398407753547 14
1663522718664 0.21876081689165802 15
1663522811983 0.18916580131533403 16
1663522907364 0.17410868812737973 17
1663523005162 0.1559363101419176 18
1663523103051 0.14157147802007616 19
1663523201242 0.1360332294911734 20
