1663499181926 0.2618553132881298 1
1663499268054 0.26237452406192496 2
1663499354597 0.26237452408771444 3
1663499440849 0.26237452408771444 4
1663499527113 0.2623745240980302 5
1663499613367 0.26237452405934597 6
1663499699750 0.2623745240980302 7
1663499786072 0.2623745240980302 8
1663499872906 0.26237452405934597 9
1663499959441 0.26237452406192496 10
1663500046119 0.2623745240980302 11
1663500132751 0.2623745240722407 12
1663500217614 0.26237452406192496 13
1663500299692 0.26237452405934597 14
1663500381952 0.2623745240722407 15
1663500465129 0.26237452406708284 16
1663500550254 0.2623745240722407 17
1663500636899 0.2623745240980302 18
1663500723449 0.2623745240722407 19
1663500810136 0.26237452407739864 20
1663500896615 0.2623745240980302 21
1663500983054 0.2623745240980302 22
1663501069382 0.26237452407739864 23
1663501155856 0.2623745240722407 24
1663501242666 0.2623745240722407 25
