1663499181926 278.4744306427667 1
1663499268054 280.06985581379195 2
1663499354597 280.06985559196113 3
1663499440849 280.06985559724285 4
1663499527113 280.06985635252386 5
1663499613367 280.06985470463803 6
1663499699750 280.0698554229472 7
1663499786072 280.0698560356227 8
1663499872906 280.06985652153776 9
1663499959441 280.0698556236513 10
1663500046119 280.0698561201297 11
1663500132751 280.0698564370308 12
1663500217614 280.0698545356241 13
1663500299692 280.06985427153984 14
1663500381952 280.0698568384389 15
1663500465129 280.06985509548275 16
1663500550254 280.06985418703283 17
1663500636899 280.0698558771722 18
1663500723449 280.0698554757641 19
1663500810136 280.0698566641433 20
1663500896615 280.06985556027104 21
1663500983054 280.0698546518212 22
1663501069382 280.06985556027104 23
1663501155856 280.0698563102704 24
1663501242666 280.06985596167914 25
