1663499181926 1.1658013152102362 1
1663499268054 1.163205261212313 2
1663499354597 1.1632052615011552 3
1663499440849 1.1632052612948394 4
1663499527113 1.163205261459892 5
1663499613367 1.1632052612535762 6
1663499699750 1.1632052615011552 7
1663499786072 1.1632052613773656 8
1663499872906 1.163205261459892 9
1663499959441 1.1632052613361024 10
1663500046119 1.1632052614186288 11
1663500132751 1.163205261459892 12
1663500217614 1.1632052614392603 13
1663500299692 1.1632052613361024 14
1663500381952 1.1632052615424182 15
1663500465129 1.1632052612742076 16
1663500550254 1.1632052613361024 17
1663500636899 1.1632052613361024 18
1663500723449 1.163205261212313 19
1663500810136 1.1632052614186288 20
1663500896615 1.163205261212313 21
1663500983054 1.1632052615011552 22
1663501069382 1.1632052614392603 23
1663501155856 1.1632052612535762 24
1663501242666 1.1632052612948394 25
