1663568717745 0.4274835583246798 1
1663568810424 0.5434406368985808 2
1663568903706 0.5983039113880235 3
1663568996603 0.6408791969539633 4
1663569089217 0.6670128071997231 5
1663569181877 0.7045690550363447 6
1663569274436 0.7222222222222222 7
1663569367284 0.7398753894080997 8
1663569460061 0.7660089996538595 9
1663569553601 0.7876427829698858 10
1663569649571 0.8163724472135687 11
1663569747304 0.8426791277258567 12
1663569845670 0.8556593977154725 13
1663569944152 0.8721010730356524 14
1663570042489 0.8975424022152995 15
1663570140482 0.9188300449982693 16
1663570238359 0.9254067151263413 17
1663570336482 0.9335410176531672 18
1663570432885 0.9460020768431984 19
1663570525576 0.9584631360332295 20
