1663568717745 16.598219850394255 1
1663568810424 13.809041740903396 2
1663568903706 12.175077158095062 3
1663568996603 10.846728585343246 4
1663569089217 9.953297540695042 5
1663569181877 9.05002353248319 6
1663569274436 8.39830272669774 7
1663569367284 7.868736594389285 8
1663569460061 7.125207175264395 9
1663569553601 6.538626083249904 10
1663569649571 5.779008423015295 11
1663569747304 5.086421862239448 12
1663569845670 4.596469038372099 13
1663569944152 4.2274108388589795 14
1663570042489 3.5731303809309303 15
1663570140482 2.771726831303785 16
1663570238359 2.4575042610723035 17
1663570336482 2.349505332490386 18
1663570432885 1.9942865163325108 19
1663570525576 1.544339276631013 20
