1663568717745 0.9297334717895466 1
1663568810424 0.6682242990654206 2
1663568903706 0.5564209068881966 3
1663568996603 0.46815507095880926 4
1663569089217 0.4174454828660436 5
1663569181877 0.3563516787815853 6
1663569274436 0.33004499826929734 7
1663569367284 0.29854620976116303 8
1663569460061 0.2635860159224645 9
1663569553601 0.23572170301142265 10
1663569649571 0.20093457943925233 11
1663569747304 0.1704742125302873 12
1663569845670 0.15801315334025615 13
1663569944152 0.13862928348909656 14
1663570042489 0.10868812737971617 15
1663570140482 0.08653513326410522 16
1663570238359 0.0777085496711665 17
1663570336482 0.07043959847698165 18
1663570432885 0.05676704742125303 19
1663570525576 0.044479058497750086 20
