1663564897413 0.4184839044652129 1
1663564996093 0.5379023883696781 2
1663565094231 0.5915541709934233 3
1663565192254 0.6296296296296297 4
1663565290376 0.6595707857390101 5
1663565388502 0.6881273797161648 6
1663565486573 0.7092419522326064 7
1663565585001 0.7237798546209762 8
1663565683180 0.7338179300796123 9
1663565781710 0.7592592592592593 10
1663565879934 0.7834890965732088 11
1663565974874 0.8110072689511942 12
1663566067443 0.8231221876081689 13
1663566160892 0.8385254413291796 14
1663566256653 0.8580823814468674 15
1663566353717 0.8833506403599861 16
1663566446915 0.8933887158186223 17
1663566540024 0.9049844236760125 18
1663566632433 0.9153686396677051 19
1663566724844 0.9314641744548287 20
