1663564897413 11.33346617663348 1
1663564996093 9.437907070385704 2
1663565094231 8.328506677692925 3
1663565192254 7.654051114960747 4
1663565290376 7.082739458648587 5
1663565388502 6.467989747274206 6
1663565486573 6.033853273236574 7
1663565585001 5.669207698046934 8
1663565683180 5.432274874208212 9
1663565781710 4.930529429863877 10
1663565879934 4.466158173743644 11
1663565974874 4.019927439783716 12
1663566067443 3.8535206822137513 13
1663566160892 3.5350917781996207 14
1663566256653 3.173981263635273 15
1663566353717 2.5912838426994673 16
1663566446915 2.405749364867265 17
1663566540024 2.2043929430141955 18
1663566632433 1.9591309756876152 19
1663566724844 1.7103193881149397 20
