1663564897413 0.9115610938040845 1
1663564996093 0.6528210453444099 2
1663565094231 0.550190377293181 3
1663565192254 0.4832121841467636 4
1663565290376 0.42938733125649015 5
1663565388502 0.37331256490134995 6
1663565486573 0.3411214953271028 7
1663565585001 0.32381446867428176 8
1663565683180 0.3028729664243683 9
1663565781710 0.27102803738317754 10
1663565879934 0.23935617860851505 11
1663565974874 0.20751124956732434 12
1663566067443 0.19141571478020075 13
1663566160892 0.17601246105919002 14
1663566256653 0.15247490481135342 15
1663566353717 0.12218760816891658 16
1663566446915 0.11336102457597785 17
1663566540024 0.09986154378677743 18
1663566632433 0.0894773277950848 19
1663566724844 0.07061266874350987 20
