1667489401538 0.5019037729318103 1
1667489501142 0.33766008999653857 2
1667489605032 0.6484942886812046 3
1667489706983 0.6034960193838699 4
1667489814266 0.7026652821045345 5
1667489918572 0.5915541709934233 6
1667490017510 0.6934925579785393 7
1667490122254 0.7696434752509519 8
1667490230201 0.49619245413637936 9
1667490342790 0.36569747317410867 10
1667490447457 0.7447213568708896 11
1667490556735 0.5602284527518172 12
1667490667481 0.6047075112495673 13
1667490768201 0.5877466251298027 14
1667490872102 0.8284873658705434 15
