1667489401538 14.546345913769176 1
1667489501142 17.70354742259458 2
1667489605032 9.035174061163522 3
1667489706983 10.734577276666258 4
1667489814266 7.448733970589934 5
1667489918572 11.083756113101884 6
1667490017510 8.448551589949975 7
1667490122254 6.1477615297686565 8
1667490230201 16.537421839507076 9
1667490342790 27.799518943039264 10
1667490447457 7.124069257853724 11
1667490556735 11.344197839385046 12
1667490667481 12.132711791794124 13
1667490768201 10.570892583544008 14
1667490872102 4.3691525252973715 15
