1667489401538 0.7969885773624091 1
1667489501142 1.04932502596054 2
1667489605032 0.41415714780200763 3
1667489706983 0.5456905503634476 4
1667489814266 0.33194877120110766 5
1667489918572 0.5894773277950848 6
1667490017510 0.3920041536863967 7
1667490122254 0.2665282104534441 8
1667490230201 0.7909311180339218 9
1667490342790 1.072343371408792 10
1667490447457 0.2992384908272759 11
1667490556735 0.5012114918656975 12
1667490667481 0.48459674627898924 13
1667490768201 0.4851159570785739 14
1667490872102 0.1822429906542056 15
