1663559057874 0.38819660782277604 1
1663559154447 0.4903080650744202 2
1663559252893 0.5411907234337141 3
1663559351287 0.5931118033921772 4
1663559448051 0.6194184839044652 5
1663559541309 0.6607822776047075 6
1663559634604 0.6701280719972309 7
1663559730172 0.6886465905157494 8
1663559827752 0.7069920387677397 9
1663559925860 0.7246452059536171 10
1663560024283 0.7424714434060229 11
1663560122296 0.7563170647282796 12
1663560220329 0.7770854967116649 13
1663560318079 0.777950848044306 14
1663560415530 0.7864312911041883 15
1663560508537 0.8047767393561787 16
1663560602013 0.8276220145379024 17
1663560696741 0.8404292142609899 18
1663560794175 0.8501211491865698 19
1663560892684 0.8573901003807546 20
