1663559057874 6.124322746649215 1
1663559154447 5.2254852685766595 2
1663559252893 4.689619664957714 3
1663559351287 4.3062355288917855 4
1663559448051 4.011291595180375 5
1663559541309 3.686252026130436 6
1663559634604 3.524250341971963 7
1663559730172 3.3868555245245977 8
1663559827752 3.16183177126696 9
1663559925860 3.0061022935750454 10
1663560024283 2.78841443918452 11
1663560122296 2.6610306920209696 12
1663560220329 2.525009587711428 13
1663560318079 2.450768819520448 14
1663560415530 2.342298896554516 15
1663560508537 2.1730868626977795 16
1663560602013 1.9797551738799093 17
1663560696741 1.8554746324770919 18
1663560794175 1.7259748551869483 19
1663560892684 1.6519223209812222 20
