1663559057874 0.9035998615437868 1
1663559154447 0.6841467635860159 2
1663559252893 0.5879196953963309 3
1663559351287 0.5147109726548978 4
1663559448051 0.4653859466943579 5
1663559541309 0.40948425060574595 6
1663559634604 0.3907926618206992 7
1663559730172 0.36500519210799587 8
1663559827752 0.3428521979923849 9
1663559925860 0.3129110418830045 10
1663560024283 0.2864312911041883 11
1663560122296 0.2717203184492904 12
1663560220329 0.2466251298026999 13
1663560318079 0.24281758393907926 14
1663560415530 0.23208722741433022 15
1663560508537 0.21097265489788855 16
1663560602013 0.18587746625129803 17
1663560696741 0.16978193146417445 18
1663560794175 0.16008999653859468 19
1663560892684 0.15126341294565593 20
