1663570619946 0.4200415368639668 1
1663570712396 0.5486327448944271 2
1663570805485 0.6088611976462444 3
1663570900187 0.652128764278297 4
1663570996780 0.6855313257182416 5
1663571094912 0.7137417791623399 6
1663571192569 0.7291450328833506 7
1663571290874 0.754067151263413 8
1663571388647 0.7736240913811008 9
1663571481493 0.7940463828314296 10
1663571574322 0.8288335064035999 11
1663571668453 0.8487365870543441 12
1663571761297 0.8648321218414676 13
1663571853982 0.8850813430252683 14
1663571948069 0.8921772239529249 15
1663572044597 0.9200415368639667 16
1663572142944 0.9361370716510904 17
1663572240936 0.9404638283142956 18
1663572339202 0.9494634821737625 19
1663572437909 0.9529248875043268 20
