1663570619946 17.844895018554137 1
1663570712396 14.60280593648919 2
1663570805485 12.746381207707433 3
1663570900187 11.40969295260732 4
1663570996780 10.326031055199559 5
1663571094912 9.495672148047289 6
1663571192569 8.769109798905427 7
1663571290874 7.924287686755641 8
1663571388647 7.458986616085128 9
1663571481493 6.7360812865891395 10
1663571574322 5.7907431758617856 11
1663571668453 5.357849154697441 12
1663571761297 4.697812192701641 13
1663571853982 4.083074466296652 14
1663571948069 3.7422762229399065 15
1663572044597 2.9220059935893903 16
1663572142944 2.512579444392242 17
1663572240936 2.3332990964790166 18
1663572339202 1.952911509170628 19
1663572437909 1.8048009653432264 20
