1663570619946 0.9318103149878851 1
1663570712396 0.6503980616130148 2
1663570805485 0.5370370370370371 3
1663570900187 0.4525787469712703 4
1663570996780 0.3878504672897196 5
1663571094912 0.3435444790584978 6
1663571192569 0.3155070958809277 7
1663571290874 0.2802007615091727 8
1663571388647 0.2533748701973001 9
1663571481493 0.22429906542056074 10
1663571574322 0.18674281758393907 11
1663571668453 0.16372447213568708 12
1663571761297 0.14382139148494288 13
1663571853982 0.12097611630321911 14
1663571948069 0.11526479750778816 15
1663572044597 0.08324679820006922 16
1663572142944 0.06645898234683281 17
1663572240936 0.06317064728279681 18
1663572339202 0.05382485289027345 19
1663572437909 0.04984423676012461 20
