1667484830844 0.3291796469366563 1
1667484934685 0.3077189338871582 2
1667485033743 0.4143302180685358 3
1667485138104 0.6801661474558671 4
1667485240364 0.6692627206645898 5
1667485345095 0.31689165801315333 6
1667485451701 0.5733817930079612 7
1667485553674 0.6426098996192454 8
1667485658879 0.6625129802699896 9
1667485763392 0.7435098650051921 10
1667485869216 0.8440636898580823 11
1667485976537 0.7824506749740394 12
1667486085808 0.6810314987885081 13
1667486192939 0.722049151955694 14
1667486300345 0.6922810661128418 15
