1667484830844 15.19362971806617 1
1667484934685 27.799613475964613 2
1667485033743 13.543234519126631 3
1667485138104 8.105527523934697 4
1667485240364 7.948563149743692 5
1667485345095 22.359101769172348 6
1667485451701 9.422460706888412 7
1667485553674 10.320747875597865 8
1667485658879 8.439959532003908 9
1667485763392 6.433825978113731 10
1667485869216 4.353826257752563 11
1667485976537 5.526918069925965 12
1667486085808 9.735354359152408 13
1667486192939 7.4535669884949085 14
1667486300345 8.62990625253719 15
