1667484830844 1.0694011768778124 1
1667484934685 1.129975770162686 2
1667485033743 0.8605053651782624 3
1667485138104 0.4122533748701973 4
1667485240364 0.37175493250259606 5
1667485345095 1.0811699550017306 6
1667485451701 0.4998269297334718 7
1667485553674 0.4781931464174455 8
1667485658879 0.3859466943579093 9
1667485763392 0.30391138802353757 10
1667485869216 0.16666666666666666 11
1667485976537 0.2416060920733818 12
1667486085808 0.37538940809968846 13
1667486192939 0.3293527172031845 14
1667486300345 0.3842159916926272 15
