1663551527273 0.39079266190322554 1
1663551618384 0.4958463135826914 2
1663551709433 0.5619591553758362 3
1663551800428 0.6067843544479059 4
1663551891469 0.6367255105160231 5
1663551982640 0.6739356179021146 6
1663552073803 0.6874350987325782 7
1663552164982 0.706645898296578 8
1663552256014 0.7376254759638645 9
1663552347083 0.7483558325298767 10
1663552438144 0.7793354102177948 11
1663552529439 0.7957770855379749 12
1663552620332 0.8155070959221908 13
1663552711275 0.8324679820419555 14
1663552802449 0.8528902734922843 15
1663552893493 0.8876773971263493 16
1663552984389 0.8876773970231914 17
1663553075664 0.9125995155064116 18
1663553166828 0.9172724127026733 19
1663553258138 0.9375216337214213 20
