1663551527273 17.794558601339784 1
1663551618384 15.163353721259497 2
1663551709433 13.248794840214863 3
1663551800428 11.989948957013441 4
1663551891469 10.908145489268502 5
1663551982640 9.920974707842781 6
1663552073803 9.43095062067039 7
1663552164982 8.791366500233893 8
1663552256014 7.926225374709698 9
1663552347083 7.6018967399055795 10
1663552438144 6.6185062521673395 11
1663552529439 6.389987757561651 12
1663552620332 5.6455695998012585 13
1663552711275 5.371678424814078 14
1663552802449 4.709490330749913 15
1663552893493 3.6088887397373948 16
1663552984389 3.67956189805556 17
1663553075664 3.143409636491886 18
1663553166828 2.9716572082343915 19
1663553258138 2.2641295592815416 20
