1663551527273 1.0777085496299033 1
1663551618384 0.7686050536517827 2
1663551709433 0.6227068189994486 3
1663551800428 0.5436137071444774 4
1663551891469 0.4726548979091743 5
1663551982640 0.41000346141048843 6
1663552073803 0.3828314295707173 7
1663552164982 0.3528902734716527 8
1663552256014 0.3013153340281933 9
1663552347083 0.2898926964347525 10
1663552438144 0.24454828663530875 11
1663552529439 0.22758740048975465 12
1663552620332 0.1993769470817616 13
1663552711275 0.18466597439075844 14
1663552802449 0.1607822776098654 15
1663552893493 0.1211491865710368 16
1663552984389 0.12218760816891658 17
1663553075664 0.09345794392652312 18
1663553166828 0.09086188992859996 19
1663553258138 0.06663205262883472 20
