1663598516144 0.3797161647628937 1
1663598614467 0.43613707165109034 2
1663598712810 0.46313603322949115 3
1663598810847 0.5083073727933541 4
1663598908902 0.5154032537210107 5
1663599006781 0.536171685704396 6
1663599104772 0.553478712357217 7
1663599202910 0.580650744202146 8
1663599300918 0.5830737279335411 9
1663599399195 0.5951886465905157 10
1663599497759 0.6104188300449983 11
1663599596116 0.6218414676358601 12
1663599694283 0.6259951540325372 13
1663599792455 0.6365524402907581 14
1663599890779 0.652994115610938 15
1663599988924 0.6592246452059536 16
1663600087328 0.6645898234683282 17
1663600185711 0.6673589477327795 18
1663600283861 0.6773970231914157 19
1663600381969 0.6889927310488058 20
