1663598516144 12.199315324626856 1
1663598614467 11.331539756164867 2
1663598712810 10.603405401507807 3
1663598810847 9.998643679369605 4
1663598908902 9.578949487923174 5
1663599006781 9.223506408564646 6
1663599104772 8.863037627970483 7
1663599202910 8.54452767261546 8
1663599300918 8.286016592644375 9
1663599399195 8.124061854498821 10
1663599497759 7.847158972389272 11
1663599596116 7.590479220928062 12
1663599694283 7.497580782770491 13
1663599792455 7.315144935335903 14
1663599890779 7.134576371319363 15
1663599988924 6.931786328873943 16
1663600087328 6.8144071257291845 17
1663600185711 6.679992772667166 18
1663600283861 6.54805089165571 19
1663600381969 6.4495623609358645 20
