1663598516144 1.0401523018345449 1
1663598614467 0.8888888888888888 2
1663598712810 0.7909311180339218 3
1663598810847 0.6933194877120111 4
1663598908902 0.6671858774662512 5
1663599006781 0.6292834890965732 6
1663599104772 0.5941502249913465 7
1663599202910 0.5531325718241606 8
1663599300918 0.5462097611630322 9
1663599399195 0.5278643129110419 10
1663599497759 0.5043267566632053 11
1663599596116 0.47888542748355833 12
1663599694283 0.4750778816199377 13
1663599792455 0.45759778470058843 14
1663599890779 0.4338871581862236 15
1663599988924 0.42125302872966425 16
1663600087328 0.4117341640706127 17
1663600185711 0.4087919695396331 18
1663600283861 0.39373485635167876 19
1663600381969 0.37538940809968846 20
