1663557130431 0.3809276566285912 1
1663557223978 0.46469366562824505 2
1663557316547 0.5282104534440983 3
1663557409593 0.5759778470058844 4
1663557504756 0.5950155763239875 5
1663557602282 0.6400138456213222 6
1663557700173 0.6548978885427483 7
1663557798064 0.6741086881273797 8
1663557895878 0.6815507095880927 9
1663557994357 0.7045690550363447 10
1663558092313 0.721183800623053 11
1663558190015 0.7405676704742126 12
1663558287967 0.7452405676704742 13
1663558385872 0.7597784700588439 14
1663558483817 0.7817583939079266 15
1663558582515 0.7904119072343372 16
1663558680667 0.8096227068189685 17
1663558775844 0.8146417445482866 18
1663558869087 0.8215645552094151 19
1663558962272 0.8362755278643129 20
