1663557130431 4.897817969611046 1
1663557223978 4.266470400756434 2
1663557316547 3.9295834780317063 3
1663557409593 3.566968006425846 4
1663557504756 3.4035763752093238 5
1663557602282 3.123039102339753 6
1663557700173 2.955727500790087 7
1663557798064 2.8074731752095894 8
1663557895878 2.7100853666214433 9
1663557994357 2.5569947388148218 10
1663558092313 2.411930285922876 11
1663558190015 2.2814247214946834 12
1663558287967 2.244643322280139 13
1663558385872 2.1088213555826867 14
1663558483817 1.9986059717671523 15
1663558582515 1.883977688072709 16
1663558680667 1.7514244842463276 17
1663558775844 1.6887687646463776 18
1663558869087 1.592817726330016 19
1663558962272 1.495000667702413 20
