1663557130431 0.9434060228452752 1
1663557223978 0.7393561786085151 2
1663557316547 0.6303219106957425 3
1663557409593 0.5517480096919349 4
1663557504756 0.5162686050536518 5
1663557602282 0.4484250605745933 6
1663557700173 0.41658013153340256 7
1663557798064 0.3878504672897196 8
1663557895878 0.3757355486327449 9
1663557994357 0.34233298719280025 10
1663558092313 0.3179300796123226 11
1663558190015 0.29335410176531673 12
1663558287967 0.2909311180339218 13
1663558385872 0.26877812391831085 14
1663558483817 0.245067497403946 15
1663558582515 0.23226029768085843 16
1663558680667 0.2050882658359294 17
1663558775844 0.20076150917272412 18
1663558869087 0.19176185531325718 19
1663558962272 0.17791623399100034 20
