1663574323777 0.37365870544988006 1
1663574414582 0.4572516441881636 2
1663574505421 0.4837313948844535 3
1663574597034 0.5200761509172724 4
1663574688222 0.5463828315120868 5
1663574779209 0.5790931118652869 6
1663574870244 0.6003807546688884 7
1663574961387 0.6163032190863258 8
1663575052487 0.6287642782969886 9
1663575143604 0.6388023538381511 10
1663575234607 0.6637244721460028 11
1663575326194 0.6666666667079298 12
1663575417339 0.6789546555489064 13
1663575508266 0.689338871540599 14
1663575599092 0.7009345794186208 15
1663575690261 0.7142609900238193 16
1663575781709 0.7208376600487334 17
1663575872851 0.7197992384289326 18
1663575964255 0.7293181032530368 19
1663576055241 0.7480096919968203 20
