1663574323777 4.995376133679436 1
1663574414582 4.440201419659988 2
1663574505421 4.180254585481342 3
1663574597034 3.9265298695661652 4
1663574688222 3.7145528957562366 5
1663574779209 3.5304101902376455 6
1663574870244 3.364236050965919 7
1663574961387 3.272389207178435 8
1663575052487 3.146037102158237 9
1663575143604 3.052383402219979 10
1663575234607 2.8970228958889126 11
1663575326194 2.865075747006985 12
1663575417339 2.738689746523283 13
1663575508266 2.6972746443030493 14
1663575599092 2.616720113097363 15
1663575690261 2.5031526843830556 16
1663575781709 2.439741676016306 17
1663575872851 2.4144799505892656 18
1663575964255 2.332271550880992 19
1663576055241 2.240774017586845 20
