1663574323777 0.9915195570639072 1
1663574414582 0.7717203184080272 2
1663574505421 0.7005884389371433 3
1663574597034 0.6391484942680496 4
1663574688222 0.5867082035409492 5
1663574779209 0.5380754586568379 6
1663574870244 0.5008653513120095 7
1663574961387 0.48459674629962085 8
1663575052487 0.4595015576942935 9
1663575143604 0.44375216344022633 10
1663575234607 0.4138110072483196 11
1663575326194 0.40256143997556487 12
1663575417339 0.38335064040124933 13
1663575508266 0.37244721360997207 14
1663575599092 0.35098650053984237 15
1663575690261 0.3316026306886828 16
1663575781709 0.3267566632362087 17
1663575872851 0.3262374524211504 18
1663575964255 0.3087573554876169 19
1663576055241 0.28729664246777675 20
