1663335464438 0.3954655590169609 1
1663335514745 0.48753894080996885 2
1663335560208 0.5778816199376947 3
1663335610704 0.6246105919003115 4
1663335656281 0.6531671858774662 5
1663335706951 0.6928002769124264 6
1663335757411 0.7242990654205608 7
1663335807718 0.7507788161993769 8
1663335853008 0.7694704049844237 9
1663335903271 0.7872966424368294 10
1663335953678 0.8245067497403946 11
1663336004122 0.8459674627898927 12
1663336049686 0.8740048459674628 13
1663336100380 0.8871581862236068 14
1663336150762 0.8984077535479404 15
1663336196324 0.9290411907234337 16
1663336246983 0.9335410176531672 17
1663336297412 0.953963309103496 18
1663336347807 0.9565593631014192 19
1663336398708 0.9575977847005884 20
