1663335464438 29.246162849629613 1
1663335514745 24.926611665624694 2
1663335560208 21.31263000208352 3
1663335610704 18.838943703276097 4
1663335656281 17.056676578092592 5
1663335706951 15.267912032572033 6
1663335757411 13.839029397300965 7
1663335807718 12.810467747925639 8
1663335853008 11.774616955142815 9
1663335903271 10.541308849523867 10
1663335953678 8.935087007896923 11
1663336004122 8.01556991532254 12
1663336049686 6.742040407723644 13
1663336100380 6.306980632340962 14
1663336150762 5.542420008967351 15
1663336196324 3.933722286874879 16
1663336246983 3.775416373670122 17
1663336297412 2.6349377945115786 18
1663336347807 2.7511389344445805 19
1663336398708 2.636318291379181 20
