1663335464438 1.103669089650398 1
1663335514745 0.773104880581516 2
1663335560208 0.6137071651090342 3
1663335610704 0.5015576323987538 4
1663335656281 0.4468674281758394 5
1663335706951 0.3786777431637245 6
1663335757411 0.3246798200069228 7
1663335807718 0.2931810314987885 8
1663335853008 0.26116303219106957 9
1663335903271 0.23745240567670475 10
1663335953678 0.19106957424714435 11
1663336004122 0.1671858774662513 12
1663336049686 0.13447559709241952 13
1663336100380 0.11993769470404984 14
1663336150762 0.11059190031152648 15
1663336196324 0.07684319833852545 16
1663336246983 0.07199723087573555 17
1663336297412 0.04880581516095535 18
1663336347807 0.04672897196261682 19
1663336398708 0.04551748009691935 20
