1663560992455 0.4323295257874697 1
1663561090194 0.5199030806507442 2
1663561188352 0.5728625822083766 3
1663561286233 0.6135340948425061 4
1663561384011 0.6523018345448252 5
1663561481642 0.6831083419868467 6
1663561580092 0.7030114226375909 7
1663561677751 0.7163378331602631 8
1663561770697 0.7362409138110073 9
1663561863645 0.7499134648667359 10
1663561958114 0.7724125995154033 11
1663562055093 0.7949117341640706 12
1663562153262 0.8122187608168917 13
1663562250886 0.8241606092073381 14
1663562349126 0.8354101765316718 15
1663562447311 0.86846659743856 16
1663562545342 0.8788508134302527 17
1663562643317 0.8944271374177917 18
1663562741451 0.9039460020768432 19
1663562839787 0.9285219799238491 20
