1663560992455 8.7482520556029 1
1663561090194 7.606995944376015 2
1663561188352 6.706617194090223 3
1663561286233 6.139527941459849 4
1663561384011 5.6785698484986575 5
1663561481642 5.2342999330562225 6
1663561580092 4.867316891058542 7
1663561677751 4.591428149980259 8
1663561770697 4.3487934565288295 9
1663561863645 4.0766862146001905 10
1663561958114 3.663009031291815 11
1663562055093 3.4180103125725703 12
1663562153262 3.159163996768105 13
1663562250886 2.9893721903678494 14
1663562349126 2.7572500454426305 15
1663562447311 2.3409569883231023 16
1663562545342 2.1065869953608423 17
1663562643317 1.982975082181835 18
1663562741451 1.7675464519500403 19
1663562839787 1.3674398144354412 20
