1663560992455 0.9229837313949464 1
1663561090194 0.6884735202492211 2
1663561188352 0.5889581169955002 3
1663561286233 0.5159224645205953 4
1663561384011 0.4556940117687781 5
1663561481642 0.3975424022152994 6
1663561580092 0.36362062997577016 7
1663561677751 0.34337140879196953 8
1663561770697 0.31377639321564554 9
1663561863645 0.29023883696780894 10
1663561958114 0.2613361024575978 11
1663562055093 0.22966424368293528 12
1663562153262 0.21304949809622706 13
1663562250886 0.19608861197646243 14
1663562349126 0.18276220145379024 15
1663562447311 0.14347525095188646 16
1663562545342 0.1294565593631014 17
1663562643317 0.11647628937348564 18
1663562741451 0.10643821391484942 19
1663562839787 0.07701626860505364 20
