1663588834401 0.3357563170647283 1
1663588930147 0.37694704049844235 2
1663589022984 0.39217722395292487 3
1663589116227 0.4153686396677051 4
1663589211513 0.42125302872966425 5
1663589308511 0.43613707165109034 6
1663589403236 0.447386638975424 7
1663589495792 0.4556940117687781 8
1663589588246 0.46902042229145036 9
1663589680678 0.4780200761509173 10
1663589773172 0.4754240221529941 11
1663589866624 0.49273104880581514 12
1663589962492 0.4996538594669436 13
1663590060068 0.5095188646590516 14
1663590158272 0.5046728971962616 15
1663590256480 0.5067497403946002 16
1663590354513 0.5242298373139495 17
1663590452390 0.5122879889235029 18
1663590550481 0.5242298373139495 19
1663590648706 0.5425752855659398 20
