1663588834401 3.8173801064615063 1
1663588930147 3.6829768017775133 2
1663589022984 3.6222438952550626 3
1663589116227 3.5334961115591828 4
1663589211513 3.4956212171678023 5
1663589308511 3.4372370523662044 6
1663589403236 3.3794708227195223 7
1663589495792 3.3004031532897633 8
1663589588246 3.256784826960684 9
1663589680678 3.1864194222163396 10
1663589773172 3.150217468575979 11
1663589866624 3.124294633723411 12
1663589962492 3.0833315494440963 13
1663590060068 3.0400162635273733 14
1663590158272 3.0351853598439185 15
1663590256480 2.9958529964208025 16
1663590354513 2.96515919874184 17
1663590452390 2.933303316599277 18
1663590550481 2.914165751337386 19
1663590648706 2.863697787146537 20
