1663588834401 1.1277258566978192 1
1663588930147 1.0335756317064728 2
1663589022984 0.9904811353409484 3
1663589116227 0.9342332987192801 4
1663589211513 0.9167532017999308 5
1663589308511 0.8705434406368986 6
1663589403236 0.837140879196954 7
1663589495792 0.8132571824160609 8
1663589588246 0.7852197992384908 9
1663589680678 0.7651436483212184 10
1663589773172 0.7480096919349256 11
1663589866624 0.7184146763586016 12
1663589962492 0.7094150224991347 13
1663590060068 0.6763586015922465 14
1663590158272 0.6910695742471443 15
1663590256480 0.6851851851851852 16
1663590354513 0.6535133264105226 17
1663590452390 0.6644167532017999 18
1663590550481 0.6493596400138456 19
1663590648706 0.6233991000346141 20
