1663594662152 0.3715818622360678 1
1663594760271 0.41761855313257185 2
1663594859150 0.4565593631014192 3
1663594958091 0.4932502596053998 4
1663595055757 0.5001730702665282 5
1663595149137 0.5313257182416061 6
1663595241587 0.5413637937002423 7
1663595334236 0.557632398753894 8
1663595427162 0.572343371408792 9
1663595521914 0.5832467982000692 10
1663595618804 0.5922464520595362 11
1663595717123 0.6050536517826237 12
1663595812392 0.6112841813776393 13
1663595905071 0.6164762893734856 14
1663595998760 0.6278989269643476 15
1663596094056 0.6355140186915887 16
1663596191079 0.6407061266874351 17
1663596289414 0.6439944617514711 18
1663596388101 0.652128764278297 19
1663596486600 0.6552440290758048 20
