1663594662152 9.464555822552674 1
1663594760271 8.95827960010712 2
1663594859150 8.481194423861716 3
1663594958091 8.076421384128084 4
1663595055757 7.758331960194166 5
1663595149137 7.409234086878781 6
1663595241587 7.175613243879435 7
1663595334236 6.957987935867389 8
1663595427162 6.70605112863437 9
1663595521914 6.556036971274772 10
1663595618804 6.400637427264326 11
1663595717123 6.20990913258411 12
1663595812392 6.099004176381799 13
1663595905071 5.997509221380332 14
1663595998760 5.873610638466291 15
1663596094056 5.7515114600702155 16
1663596191079 5.680398962001728 17
1663596289414 5.57432519205304 18
1663596388101 5.525476494310801 19
1663596486600 5.414207014999574 20
