1663594662152 1.1388023537556249 1
1663594760271 0.9878850813430252 2
1663594859150 0.8499480789200415 3
1663594958091 0.7535479404638283 4
1663595055757 0.7215299411561094 5
1663595149137 0.6576670128071997 6
1663595241587 0.6296296296296297 7
1663595334236 0.6031498788508134 8
1663595427162 0.5742471443406023 9
1663595521914 0.5588438906195915 10
1663595618804 0.5417099342332987 11
1663595717123 0.5216337833160263 12
1663595812392 0.5105572862582208 13
1663595905071 0.5079612322602977 14
1663595998760 0.48130841121495327 15
1663596094056 0.4745586708203531 16
1663596191079 0.4653859466943579 17
1663596289414 0.4562132225683628 18
1663596388101 0.44929041190723434 19
1663596486600 0.4318103149878851 20
