1664105155543 0.4184839044652129 1
1664105216692 0.5467289719626168 2
1664105277604 0.6188992731048806 3
1664105338613 0.6607822776047075 4
1664105400052 0.6699550017307027 5
1664105461807 0.7165109034267912 6
1664105528459 0.7201453790238836 7
1664105594488 0.7422983731394946 8
1664105660819 0.7594323295257874 9
1664105722363 0.7597784700588439 10
1664105788632 0.7921426098996193 11
1664105849968 0.8101419176185531 12
1664105911299 0.8198338525441329 13
1664105972280 0.8302180685358256 14
1664106033421 0.8428521979923849 15
1664106094869 0.8618899273104881 16
1664106156563 0.8714087919695397 17
1664106217575 0.8615437867774316 18
1664106278950 0.8835237106265144 19
1664106340340 0.8984077535479404 20
1664106401969 0.9049844236760125 21
1664106463755 0.9134648667358948 22
1664106530640 0.9259259259259259 23
1664106592596 0.9241952232606438 24
1664106654363 0.9224645205953618 25
