1664105155543 14.22608429158423 1
1664105216692 11.483341516446556 2
1664105277604 9.757879838517646 3
1664105338613 8.737364435410491 4
1664105400052 8.258467786491185 5
1664105461807 7.406221034742218 6
1664105528459 7.041923306070013 7
1664105594488 6.6686753333749635 8
1664105660819 6.1580662204139 9
1664105722363 6.18839731609256 10
1664105788632 5.375154586760963 11
1664105849968 5.088997059191912 12
1664105911299 4.765061489541397 13
1664105972280 4.417138634647371 14
1664106033421 4.344145846288482 15
1664106094869 3.664717189536948 16
1664106156563 3.4432965289271387 17
1664106217575 3.759449833154926 18
1664106278950 3.164216049404943 19
1664106340340 2.900533206882094 20
1664106401969 2.7323633430325147 21
1664106463755 2.4509913054417063 22
1664106530640 2.209189645288394 23
1664106592596 2.2756567382614437 24
1664106654363 2.1554394716125493 25
