1664105155543 0.9389061959155417 1
1664105216692 0.6382831429560402 2
1664105277604 0.5006922810661129 3
1664105338613 0.4221183800623053 4
1664105400052 0.404638283142956 5
1664105461807 0.33350640359986156 6
1664105528459 0.3194877120110765 7
1664105594488 0.2924887504326757 8
1664105660819 0.27050882658359293 9
1664105722363 0.26877812391831085 10
1664105788632 0.22602976808584285 11
1664105849968 0.20647282796815508 12
1664105911299 0.19556940117687782 13
1664105972280 0.18137763932156456 14
1664106033421 0.17116649359640013 15
1664106094869 0.145552094150225 16
1664106156563 0.13361024575977848 17
1664106217575 0.14780200761509174 18
1664106278950 0.12097611630321911 19
1664106340340 0.10505365178262374 20
1664106401969 0.09882312218760816 21
1664106463755 0.09155417099342333 22
1664106530640 0.07684319833852545 23
1664106592596 0.07978539286950502 24
1664106654363 0.08065074420214607 25
