1663511312424 0.41484942887843623 1
1663511404673 0.5001730702871598 2
1663511497465 0.563343717549325 3
1663511590358 0.6163032190863258 4
1663511683146 0.6413984076916532 5
1663511775934 0.6782623745653199 6
1663511868590 0.6940117687368608 7
1663511961085 0.7114918656355784 8
1663512053476 0.7360678436063738 9
1663512145840 0.7511249566705386 10
1663512238436 0.7798546210173795 11
1663512331107 0.7976808584697851 12
1663512423798 0.8141225337074388 13
1663512516629 0.8418137763313209 14
1663512609442 0.851332641011004 15
1663512702157 0.8830044999300877 16
1663512794870 0.9029075804776739 17
1663512887618 0.8978885427689874 18
1663512980421 0.9323295257255749 19
1663513073293 0.9350986499900263 20
1663513166031 0.9451367255311889 21
