1663511312424 28.422852904048085 1
1663511404673 24.70227188171091 2
1663511497465 21.728183910730348 3
1663511590358 19.083827004543263 4
1663511683146 17.91090857458593 5
1663511775934 16.00288576368396 6
1663511868590 15.39351706737546 7
1663511961085 14.17880772520985 8
1663512053476 13.309612700666015 9
1663512145840 12.350645600243315 10
1663512238436 11.077932404993149 11
1663512331107 10.334842502967673 12
1663512423798 9.553761966173193 13
1663512516629 8.523053224213026 14
1663512609442 8.068270765154697 15
1663512702157 6.315528594816214 16
1663512794870 5.528832172060063 17
1663512887618 5.722478159821623 18
1663512980421 3.971864946410911 19
1663513073293 4.1244798848768465 20
1663513166031 3.599748822552558 21
