1663511312424 0.9897888542954671 1
1663511404673 0.750605745870954 2
1663511497465 0.628071997313402 3
1663511590358 0.5266528210453444 4
1663511683146 0.46953963310650865 5
1663511775934 0.4060228453061291 6
1663511868590 0.3793700242401531 7
1663511961085 0.34665974386116344 8
1663512053476 0.31481481482513063 9
1663512145840 0.2900657667167544 10
1663512238436 0.25181723783980936 11
1663512331107 0.22776047075628286 12
1663512423798 0.21304949811685867 13
1663512516629 0.17774316373994584 14
1663512609442 0.1677050883070991 15
1663512702157 0.12582208376729848 16
1663512794870 0.10626514364832122 17
1663512887618 0.11405330564466963 18
1663512980421 0.07338179302343492 19
1663513073293 0.07701626862052734 20
1663513166031 0.060574593287452606 21
