1663579781467 0.412080304608827 1
1663579872705 0.4875389408718636 2
1663579964086 0.5394600208303267 3
1663580055176 0.591034960276365 4
1663580146200 0.6268605054477046 5
1663580237129 0.6464174454828661 6
1663580327888 0.6663205260717155 7
1663580419037 0.6751471097884437 8
1663580509899 0.6889927310075427 9
1663580601284 0.7056074765736192 10
1663580692192 0.7275874005464915 11
1663580783425 0.7429906542262391 12
1663580874211 0.749913464907999 13
1663580965295 0.7646244376247917 14
1663581056521 0.7736240914842586 15
1663581147969 0.7919695396949857 16
1663581239258 0.8115264798126736 17
1663581330444 0.8175839390998978 18
1663581421990 0.8305642090069872 19
1663581513471 0.8380062305914898 20
