1663579781467 0.9702319141984109 1
1663579872705 0.7452405676704742 2
1663579964086 0.6542056074766355 3
1663580055176 0.552613361024576 4
1663580146200 0.4974039460639716 5
1663580237129 0.45673243332668423 6
1663580327888 0.4314641744599866 7
1663580419037 0.4016960886222923 8
1663580509899 0.3797161647938411 9
1663580601284 0.35479404639830514 10
1663580692192 0.32052613362056154 11
1663580783425 0.29941156110927775 12
1663580874211 0.2898926964760157 13
1663580965295 0.2720664589836363 14
1663581056521 0.25752855659526663 15
1663581147969 0.23122187611263653 16
1663581239258 0.21010730358587906 17
1663581330444 0.2014537902414159 18
1663581421990 0.1872620283989974 19
1663581513471 0.1793007961438576 20
