1667490980966 0.3097957770854967 1
1667491083922 0.5811699550017307 2
1667491192119 0.4368293527172032 3
1667491292205 0.5491519556940118 4
1667491393003 0.6829352717203184 5
1667491489625 0.7260297680858429 6
1667491586182 0.735202492211838 7
1667491686209 0.6022845275181724 8
1667491781242 0.44669435790931117 9
1667491882522 0.6934925579785393 10
1667491979047 0.8400830737279336 11
1667492074674 0.5353063343717549 12
1667492172712 0.54932502596054 13
1667492273469 0.8911388023537556 14
1667492369846 0.7279335410176532 15
