1667490980966 22.71270243458865 1
1667491083922 12.970116341638086 2
1667491192119 13.057317741026965 3
1667491292205 15.626043149367796 4
1667491393003 9.43371245389828 5
1667491489625 8.190357516900443 6
1667491586182 7.891870739634122 7
1667491686209 10.698700579032225 8
1667491781242 31.12446315233251 9
1667491882522 9.197086453396542 10
1667491979047 5.1247698040147185 11
1667492074674 11.556095023104046 12
1667492172712 25.310609119662203 13
1667492273469 3.6826234234786437 14
1667492369846 9.715030304409304 15
