1667490980966 1.1528210453444099 1
1667491083922 0.5735548632744895 2
1667491192119 0.6135340948425061 3
1667491292205 0.6614745586708204 4
1667491393003 0.38767739702319143 5
1667491489625 0.32381446867428176 6
1667491586182 0.3013153340256144 7
1667491686209 0.49100034614053306 8
1667491781242 0.8738317757009346 9
1667491882522 0.3525441329179647 10
1667491979047 0.17082035306334373 11
1667492074674 0.547767393561786 12
1667492172712 0.6865697473174108 13
1667492273469 0.11543786777431637 14
1667492369846 0.30875735548632743 15
