1663334326574 0.37677397023191417 1
1663334372512 0.4522326064382139 2
1663334418669 0.5017307026652821 3
1663334464466 0.5517480096919349 4
1663334514924 0.5856697819314641 5
1663334565828 0.6097265489788855 6
1663334611872 0.635687088958117 7
1663334658113 0.6474558670820353 8
1663334709007 0.6576670128071997 9
1663334755050 0.6748009691934925 10
1663334806075 0.694877120110765 11
1663334857075 0.7009345794392523 12
1663334908217 0.7177223952924887 13
1663334959195 0.7274143302180686 14
1663335010167 0.731048805815161 15
1663335056315 0.7497403946002077 16
1663335107442 0.7658359293873312 17
1663335158375 0.770508826583593 18
1663335204542 0.7848736587054344 19
1663335250765 0.7853928695050191 20
