1663334326574 4.371209833398702 1
1663334372512 3.9251783838104894 2
1663334418669 3.647045929904911 3
1663334464466 3.385339035411103 4
1663334514924 3.193560923503053 5
1663334565828 3.022526266676108 6
1663334611872 2.8797741109972255 7
1663334658113 2.7971899100657502 8
1663334709007 2.724825045709896 9
1663334755050 2.6319081448000796 10
1663334806075 2.4813570033568815 11
1663334857075 2.431168985031918 12
1663334908217 2.3460056345309144 13
1663334959195 2.273834926914938 14
1663335010167 2.1769435941951136 15
1663335056315 2.078092217763103 16
1663335107442 1.9883785151313025 17
1663335158375 1.946141681438717 18
1663335204542 1.8764447827686235 19
1663335250765 1.8060003037253802 20
