1663334326574 0.9195223260643821 1
1663334372512 0.7478366216683974 2
1663334418669 0.6535133264105226 3
1663334464466 0.5683627552786431 4
1663334514924 0.5183454482519904 5
1663334565828 0.4780200761509173 6
1663334611872 0.43821391484942884 7
1663334658113 0.421079958463136 8
1663334709007 0.4087919695396331 9
1663334755050 0.3843890619591554 10
1663334806075 0.3553132571824161 11
1663334857075 0.34510211145725167 12
1663334908217 0.3267566632052613 13
1663334959195 0.3129110418830045 14
1663335010167 0.30200761509172724 15
1663335056315 0.2838352371062651 16
1663335107442 0.2628937348563517 17
1663335158375 0.25874004845967463 18
1663335204542 0.24247144340602284 19
1663335250765 0.24039460020768433 20
