1663534962983 0.4139840775354794 1
1663535061558 0.5370370370370371 2
1663535159875 0.592938733125649 3
1663535258217 0.642263759086189 4
1663535356491 0.6801661474558671 5
1663535454572 0.7066458982346833 6
1663535552593 0.7279335410176532 7
1663535650613 0.7397023191415715 8
1663535749135 0.7810661128418138 9
1663535847628 0.7921426098996193 10
1663535944508 0.8291796469366562 11
1663536037658 0.8438906195915542 12
1663536131368 0.8795430944963655 13
1663536227244 0.8849082727587401 14
1663536325339 0.8885427483558325 15
1663536423891 0.9293873312564901 16
1663536522365 0.9378677743163725 17
1663536620213 0.9479058497750087 18
1663536717769 0.9550017307026653 19
1663536815640 0.9575977847005884 20
