1663534962983 17.101370135406675 1
1663535061558 14.197381121594834 2
1663535159875 12.235672569472966 3
1663535258217 10.965452202136396 4
1663535356491 9.842065871236398 5
1663535454572 8.964352029052396 6
1663535552593 8.152288700932655 7
1663535650613 7.6843976430638765 8
1663535749135 6.834327399998893 9
1663535847628 6.402943540502478 10
1663535944508 5.437664492974524 11
1663536037658 4.891647201254526 12
1663536131368 4.066722102873298 13
1663536227244 3.91677608041047 14
1663536325339 3.8333590643015563 15
1663536423891 2.542684933449847 16
1663536522365 2.1534950803873776 17
1663536620213 1.8790454226986022 18
1663536717769 1.721442191869629 19
1663536815640 1.5685700870181252 20
