1663534962983 0.9823468328141225 1
1663535061558 0.6881273797161648 2
1663535159875 0.5553824852890273 3
1663535258217 0.46815507095880926 4
1663535356491 0.3894080996884735 5
1663535454572 0.34994807892004154 6
1663535552593 0.3115264797507788 7
1663535650613 0.29698857736240913 8
1663535749135 0.24731741086881273 9
1663535847628 0.2268951194184839 10
1663535944508 0.18605053651782624 11
1663536037658 0.16805122879889234 12
1663536131368 0.12461059190031153 13
1663536227244 0.12357217030114226 14
1663536325339 0.12236067843544479 15
1663536423891 0.0744202146071305 16
1663536522365 0.06507442021460713 17
1663536620213 0.05451713395638629 18
1663536717769 0.04672897196261682 19
1663536815640 0.04395984769816545 20
