1663544303460 0.41675320179993075 1
1663544394604 0.501384562214752 2
1663544485800 0.5730356525574312 3
1663544572683 0.6159570786564273 4
1663544658826 0.6407061266668035 5
1663544745171 0.668743509823742 6
1663544832362 0.6922810661747366 7
1663544922155 0.7101073036065106 8
1663545013308 0.7255105572656266 9
1663545104623 0.7405676705154757 10
1663545195754 0.7715472481621306 11
1663545286659 0.7810661128005506 12
1663545377679 0.7990654205194845 13
1663545468962 0.8103149878231866 14
1663545560377 0.8251990308271391 15
1663545651302 0.854794046403463 16
1663545742447 0.8629283489509205 17
1663545833379 0.9029075805808319 18
1663545924754 0.8963309103496019 19
1663546015997 0.9115610939072424 20
