1663544303460 8.916658218610902 1
1663544394604 7.692005261288831 2
1663544485800 6.813230114438699 3
1663544572683 6.177457345320139 4
1663544658826 5.725656466320667 5
1663544745171 5.259612819735011 6
1663544832362 4.963367761893848 7
1663544922155 4.656630979602665 8
1663545013308 4.420750123483163 9
1663545104623 4.224132923734935 10
1663545195754 3.795136034633099 11
1663545286659 3.6090084549959 12
1663545377679 3.3094819990892894 13
1663545468962 3.1414847142063405 14
1663545560377 2.927057596588267 15
1663545651302 2.4856632646288004 16
1663545742447 2.3082657124435833 17
1663545833379 1.8008130788390468 18
1663545924754 1.9170080815355188 19
1663546015997 1.6038918517047702 20
