1663544303460 0.9662512979651042 1
1663544394604 0.7313949463069542 2
1663544485800 0.6047075112289357 3
1663544572683 0.5192107995433682 4
1663544658826 0.4740394600310842 5
1663544745171 0.4212530287606116 6
1663544832362 0.3795430945169971 7
1663544922155 0.35323641398923544 8
1663545013308 0.33160263075057755 9
1663545104623 0.30685358255967504 10
1663545195754 0.26583592939764705 11
1663545286659 0.2530287297055068 12
1663545377679 0.2284527518172378 13
1663545468962 0.2137417791778136 14
1663545560377 0.196607822778626 15
1663545651302 0.16060920734075826 16
1663545742447 0.15282104534956772 17
1663545833379 0.1064382139161389 18
1663545924754 0.11578400830737279 19
1663546015997 0.10003461405459511 20
