1663536915011 0.41675320179993075 1
1663537012540 0.527172031844929 2
1663537110937 0.5848044305988231 3
1663537209455 0.6393215645552094 4
1663537307748 0.5939771547248183 5
1663537405754 0.6767047421253028 6
1663537503827 0.7107995846313603 7
1663537601685 0.7336448598130841 8
1663537699695 0.7578746971270336 9
1663537797806 0.7893734856351678 10
1663537896130 0.8210453444098303 11
1663537994586 0.834717895465559 12
1663538092849 0.8518518518518519 13
1663538190764 0.8729664243682935 14
1663538288877 0.8854274835583247 15
1663538386683 0.9120803046036691 16
1663538484531 0.9262720664589823 17
1663538582421 0.9331948771201107 18
1663538680418 0.9413291796469366 19
1663538778370 0.9373485635167879 20
