1663536915011 18.42712971643413 1
1663537012540 15.264788850445614 2
1663537110937 13.63199177032608 3
1663537209455 11.924350821711935 4
1663537307748 13.310139893577684 5
1663537405754 10.507131059758182 6
1663537503827 9.537318566052631 7
1663537601685 8.6510177873418 8
1663537699695 8.015669964803218 9
1663537797806 7.036012946630936 10
1663537896130 6.093498217271414 11
1663537994586 5.594846943333389 12
1663538092849 5.087500577960801 13
1663538190764 4.481252569729748 14
1663538288877 4.021303955680898 15
1663538386683 3.241785845982653 16
1663538484531 2.7122695273498905 17
1663538582421 2.526589872773934 18
1663538680418 2.0871459780039774 19
1663538778370 2.3817809182884897 20
