1663536915011 0.9541363793700243 1
1663537012540 0.6810314987885081 2
1663537110937 0.585496711664936 3
1663537209455 0.4735202492211838 4
1663537307748 0.5564209068881966 5
1663537405754 0.3928695050190377 6
1663537503827 0.34527518172377986 7
1663537601685 0.3046036690896504 8
1663537699695 0.27137417791623397 9
1663537797806 0.23122187608168918 10
1663537896130 0.19262720664589825 11
1663537994586 0.1754932502596054 12
1663538092849 0.15784008307372793 13
1663538190764 0.1341294565593631 14
1663538288877 0.11889927310488058 15
1663538386683 0.09138110072689512 16
1663538484531 0.07701626860505364 17
1663538582421 0.06940117687781239 18
1663538680418 0.060574593284873655 19
1663538778370 0.06680512287988924 20
