1667486409519 0.39615784008307375 1
1667486515795 0.5025960539979232 2
1667486623916 0.416926272066459 3
1667486726007 0.5143648321218415 4
1667486822774 0.4074074074074074 5
1667486919414 0.6206299757701627 6
1667487019221 0.5308065074420215 7
1667487116345 0.7428175839390793 8
1667487216510 0.5564209068881966 9
1667487310585 0.47577016268605055 10
1667487405426 0.407061266874351 11
1667487499077 0.6588785046728972 12
1667487601111 0.8350640359986155 13
1667487704674 0.1623399100034614 14
1667487806657 0.8293527172031845 15
