1667486409519 19.271221740223538 1
1667486515795 11.673686530607387 2
1667486623916 16.34412080666399 3
1667486726007 12.606150218135719 4
1667486822774 22.00882244522739 5
1667486919414 9.328053135408089 6
1667487019221 14.556172464990665 7
1667487116345 7.440760711189289 8
1667487216510 12.605230110539166 9
1667487310585 14.8658112999311 10
1667487405426 15.068673681329798 11
1667487499077 9.285143603086885 12
1667487601111 4.239724053524489 13
1667487704674 59.45916014156691 14
1667487806657 4.549126275108115 15
