1667486409519 1.2133956386292835 1
1667486515795 0.6818968501211492 2
1667486623916 0.904638283142956 3
1667486726007 0.6547248182762202 4
1667486822774 0.9622706818968502 5
1667486919414 0.4634821737625476 6
1667487019221 0.7467982000692281 7
1667487116345 0.2824506749740395 8
1667487216510 0.5379023883696781 9
1667487310585 0.9259259259259259 10
1667487405426 0.6843198338525441 11
1667487499077 0.4209068881966078 12
1667487601111 0.17757009345794392 13
1667487704674 1.7554517133956387 14
1667487806657 0.18899273104880582 15
