1667492470679 0.32554517133956384 1
1667492571785 0.503288335064036 2
1667492667782 0.6621668397369332 3
1667492768644 0.7016268605053652 4
1667492863978 0.4536171685704396 5
1667492958592 0.6979923849082728 6
1667493057561 0.7680858428521979 7
1667493156411 0.47230875735548633 8
1667493256110 0.34492904119072343 9
1667493352211 0.5870543440636898 10
1667493452805 0.7869505019037729 11
1667493548279 0.633264105226722 12
1667493647202 0.8759086188992731 13
1667493744862 0.6344755970924195 14
1667493850804 0.8710626514364832 15
