1667492470679 14.9384330123632 1
1667492571785 16.846622004233335 2
1667492667782 9.897705085304791 3
1667492768644 9.089103160658771 4
1667492863978 13.041791583807587 5
1667492958592 9.08520568617903 6
1667493057561 7.034672540502591 7
1667493156411 15.891102923204759 8
1667493256110 29.300179841981375 9
1667493352211 13.510955799323293 10
1667493452805 6.784062735470738 11
1667493548279 13.405283252521963 12
1667493647202 4.217801328017333 13
1667493744862 14.228970490347022 14
1667493850804 4.244787584584079 15
