1667492470679 0.8238144686742818 1
1667492571785 0.7942194530979577 2
1667492667782 0.41000346140533056 3
1667492768644 0.37694704049844235 4
1667492863978 0.6476289373485635 5
1667492958592 0.3710626514364832 6
1667493057561 0.2646244375216338 7
1667493156411 0.9553478712357217 8
1667493256110 1.150571131879543 9
1667493352211 0.5308065074420215 10
1667493452805 0.23952924887504326 11
1667493548279 0.4499826929733472 12
1667493647202 0.1306680512287989 13
1667493744862 0.49117341640706125 14
1667493850804 0.13187954309449637 15
