1663590748190 0.32900657667012806 1
1663590846460 0.3679473866389754 2
1663590944949 0.40152301834544823 3
1663591043347 0.4269643475250952 4
1663591141742 0.44063689858082383 5
1663591240190 0.46625129802699894 6
1663591338603 0.46590515749394257 7
1663591436655 0.48251990308065074 8
1663591534760 0.48805815160955346 9
1663591633119 0.5005192107995846 10
1663591731219 0.5046728971962616 11
1663591829423 0.5178262374524056 12
1663591927981 0.5209415022499134 13
1663592026494 0.5380754586362063 14
1663592124765 0.5522672204915196 15
1663592223307 0.5545171339563862 16
1663592317449 0.5524402907580478 17
1663592409925 0.5709588092765663 18
1663592502507 0.5626514364832121 19
1663592595762 0.5804776739356179 20
