1663590748190 5.274657493481054 1
1663590846460 5.037660437663479 2
1663590944949 4.883920478589727 3
1663591043347 4.715600630039573 4
1663591141742 4.572258479209786 5
1663591240190 4.423604200355897 6
1663591338603 4.3415959165268765 7
1663591436655 4.246679689447621 8
1663591534760 4.161698556598308 9
1663591633119 4.095182664091507 10
1663591731219 4.003603784713666 11
1663591829423 3.945651198885935 12
1663591927981 3.891156315432159 13
1663592026494 3.8269896541924244 14
1663592124765 3.772528934495265 15
1663592223307 3.7024608099076852 16
1663592317449 3.674409393787219 17
1663592409925 3.603646126532893 18
1663592502507 3.5789185039062077 19
1663592595762 3.528009272149873 20
