1663590748190 1.1088611976462444 1
1663590846460 1.0013845621322257 2
1663590944949 0.9238490827275874 3
1663591043347 0.8546209761163032 4
1663591141742 0.8123918310834198 5
1663591240190 0.7551055728625822 6
1663591338603 0.7471443406022845 7
1663591436655 0.7161647628937349 8
1663591534760 0.69245413637937 9
1663591633119 0.6777431637244722 10
1663591731219 0.6528210453444099 11
1663591829423 0.6351678781585324 12
1663591927981 0.6220145379023884 13
1663592026494 0.5996884735202492 14
1663592124765 0.5829006576670128 15
1663592223307 0.5728625822083766 16
1663592317449 0.5751124956732433 17
1663592409925 0.5508826583592938 18
1663592502507 0.5565939771547248 19
1663592595762 0.5273451021114572 20
