1663583433293 0.4164070613494007 1
1663583524474 0.503288335064036 2
1663583615547 0.5740740740740741 3
1663583706935 0.6064382139767441 4
1663583798324 0.6458982347658078 5
1663583889797 0.6767047420634081 6
1663583980926 0.6921079959082084 7
1663584072016 0.709761162990928 8
1663584163077 0.7334717895259243 9
1663584253957 0.7405676705361073 10
1663584345183 0.7680858428109348 11
1663584436638 0.786431291166083 12
1663584527830 0.8004499826723418 13
1663584619277 0.8186223606165407 14
1663584710695 0.8260643820978854 15
1663584802110 0.8582554517133957 16
1663584893559 0.8655244030107384 17
1663584984521 0.8873312565932929 18
1663585075555 0.8966770508826584 19
1663585166621 0.917791623502258 20
