1663583433293 15.717264205454624 1
1663583524474 13.48581313525735 2
1663583615547 11.846639129107862 3
1663583706935 10.896549461208936 4
1663583798324 9.914419270254989 5
1663583889797 9.199202778513516 6
1663583980926 8.788544539309324 7
1663584072016 8.108982314614533 8
1663584163077 7.530999363232088 9
1663584253957 7.371413611012291 10
1663584345183 6.553636187952503 11
1663584436638 6.213400338669061 12
1663584527830 5.830320189757593 13
1663584619277 5.393598827369983 14
1663584710695 5.040468022665708 15
1663584802110 4.389557863156578 16
1663584893559 4.035551140860481 17
1663584984521 3.6015620346340023 18
1663585075555 3.228445551147012 19
1663585166621 2.727069090934475 20
