1663583433293 0.9987885081961972 1
1663583524474 0.7388369678708252 2
1663583615547 0.60297680864618 3
1663583706935 0.5318449290515065 4
1663583798324 0.46815507104133564 5
1663583889797 0.4112149532865017 6
1663583980926 0.38629283492191313 7
1663584072016 0.35081343028363 8
1663584163077 0.3167185877569409 9
1663584253957 0.30944963658338764 10
1663584345183 0.2682589131496736 11
1663584436638 0.24454828663530875 12
1663584527830 0.22654897890605907 13
1663584619277 0.20353063345264918 14
1663584710695 0.19487712013139655 15
1663584802110 0.1573208722741433 16
1663584893559 0.14866735894902225 17
1663584984521 0.12409138110201637 18
1663585075555 0.112668743509865 19
1663585166621 0.0882658359306768 20
