1664108282595 0.3888888888888889 1
1664108343895 0.48753894080996885 2
1664108405572 0.5583246798200069 3
1664108466360 0.6166493596400139 4
1664108527405 0.6574939425406715 5
1664108593589 0.689165801315334 6
1664108660163 0.7087227414330218 7
1664108726467 0.7265489788854275 8
1664108788010 0.7454136379370024 9
1664108849194 0.761509172724126 10
1664108915193 0.7833160263066805 11
1664108976650 0.7964693665628245 12
1664109037759 0.8025268258913119 13
1664109099145 0.8232952578746972 14
1664109160227 0.8411214953271028 15
1664109221923 0.8426791277258567 16
1664109283076 0.8712357217030114 17
1664109344167 0.878331602630668 18
1664109405244 0.8963309103496019 19
1664109466658 0.8781585323641399 20
1664109528227 0.9181377639321564 21
1664109590178 0.9084458290065767 22
1664109651576 0.9177916233991 23
1664109712810 0.9205607476635514 24
1664109774138 0.9314641744548287 25
