1664108282595 23.388573202553733 1
1664108343895 20.01117555902837 2
1664108405572 17.69464284798479 3
1664108466360 15.321364223688851 4
1664108527405 13.887499754137545 5
1664108593589 12.554254316631672 6
1664108660163 11.759575083578445 7
1664108726467 11.048910796580408 8
1664108788010 10.529059881650687 9
1664108849194 9.844543803641853 10
1664108915193 8.916165371839048 11
1664108976650 8.252176367976583 12
1664109037759 7.996581696853294 13
1664109099145 7.3255333751078995 14
1664109160227 6.828390532441104 15
1664109221923 6.576229018709494 16
1664109283076 5.598540135927165 17
1664109344167 5.351938026179983 18
1664109405244 4.748572890590986 19
1664109466658 5.207077327474833 20
1664109528227 3.815293012914793 21
1664109590178 3.9638133620918725 22
1664109651576 3.5918555607140457 23
1664109712810 3.597356859397294 24
1664109774138 3.1281425765705544 25
