1664108282595 1.1253028729664243 1
1664108343895 0.7933541017653167 2
1664108405572 0.6396677050882659 3
1664108466360 0.5088265835929388 4
1664108527405 0.4347525095188647 5
1664108593589 0.37642782969885774 6
1664108660163 0.3378331602630668 7
1664108726467 0.3161993769470405 8
1664108788010 0.2885081343025268 9
1664108849194 0.26583592938733125 10
1664108915193 0.23641398407753547 11
1664108976650 0.21806853582554517 12
1664109037759 0.2102803738317757 13
1664109099145 0.18691588785046728 14
1664109160227 0.1703011422637591 15
1664109221923 0.16683973693319487 16
1664109283076 0.13361024575977848 17
1664109344167 0.12668743509865005 18
1664109405244 0.10834198684665974 19
1664109466658 0.12755278643129112 20
1664109528227 0.08359293873312565 21
1664109590178 0.09622706818968502 22
1664109651576 0.08411214953271028 23
1664109712810 0.08203530633437175 24
1664109774138 0.0711318795430945 25
