1663553350348 0.3840429214570464 1
1663553441471 0.48996192460325855 2
1663553532316 0.5548632744894427 3
1663553623380 0.5974385600347509 4
1663553714379 0.6306680512081673 5
1663553805318 0.658878504631634 6
1663553896283 0.6898580823195521 7
1663553987671 0.7087227414123902 8
1663554078920 0.7253374870609932 9
1663554170015 0.7483558324886136 10
1663554261243 0.7781239182695711 11
1663554352579 0.7902388369884406 12
1663554442209 0.8198338526472908 13
1663554528848 0.8331602630874367 14
1663554615666 0.8487365870956072 15
1663554704156 0.8876773970231914 16
1663554795281 0.8909657321903853 17
1663554886797 0.9179646937687862 18
1663554977552 0.890619591554171 19
1663555068496 0.9385600554856433 20
