1663553350348 19.06903464243708 1
1663553441471 16.3775115566049 2
1663553532316 14.359181912806093 3
1663553623380 13.054091890941816 4
1663553714379 12.073892223665812 5
1663553805318 10.920526756717079 6
1663553896283 10.095926811968262 7
1663553987671 9.598610922224838 8
1663554078920 8.875104780220251 9
1663554170015 8.313090169747506 10
1663554261243 7.2584152224980745 11
1663554352579 6.800545929542006 12
1663554442209 6.172607432190792 13
1663554528848 5.68885093727257 14
1663554615666 5.281227524778182 15
1663554704156 3.8800711970958135 16
1663554795281 4.088884296777051 17
1663554886797 3.0324947767581194 18
1663554977552 4.054103397588575 19
1663555068496 2.400392027369995 20
