1663553350348 1.0536517827062715 1
1663553441471 0.7710280373934933 2
1663553532316 0.6413984078567059 3
1663553623380 0.5545171339563862 4
1663553714379 0.49411561102056717 5
1663553805318 0.4357909311489813 6
1663553896283 0.38179300796639015 7
1663553987671 0.351332641062583 8
1663554078920 0.32156455521457294 9
1663554170015 0.28971962617080327 10
1663554261243 0.24852890276545758 11
1663554352579 0.23433714089467064 12
1663554442209 0.19851159571043633 13
1663554528848 0.18449290412165129 14
1663554615666 0.16458982347348602 15
1663554704156 0.11959155417099342 16
1663554795281 0.121322256837565 17
1663554886797 0.08774662513109217 18
1663554977552 0.1240913811007269 19
1663555068496 0.06593977154853765 20
