1663332613434 0.3475250951886466 1
1663332659210 0.46313603322949115 2
1663332709862 0.5332294911734164 3
1663332760284 0.5770162686050536 4
1663332806275 0.6178608515057114 5
1663332879671 0.6394946348217376 6
1663332930314 0.6716857043959847 7
1663332981160 0.6791277258566978 8
1663333026829 0.6955694011768778 9
1663333077826 0.708030460366909 10
1663333128687 0.7251644167532018 11
1663333179559 0.7502596053997923 12
1663333230445 0.7563170647282796 13
1663333276312 0.7594323295257874 14
1663333327142 0.7777777777777778 15
