1663332613434 4.794589267465308 1
1663332659210 4.11838984464683 2
1663332709862 3.785473129005736 3
1663332760284 3.517148959838878 4
1663332806275 3.274504882730634 5
1663332879671 3.0409994558629463 6
1663332930314 2.8926763973585996 7
1663332981160 2.820997803464568 8
1663333026829 2.6699527219407244 9
1663333077826 2.5374473790142025 10
1663333128687 2.3875051158734695 11
1663333179559 2.235760813974187 12
1663333230445 2.1723694865701106 13
1663333276312 2.1067942658606267 14
1663333327142 1.9800659257179727 15
