1663332613434 0.8696780893042575 1
1663332659210 0.6659743856005538 2
1663332709862 0.573208722741433 3
1663332760284 0.5107303565247491 4
1663332806275 0.4562132225683628 5
1663332879671 0.4190031152647975 6
1663332930314 0.38300449982692975 7
1663332981160 0.36967808930425755 8
1663333026829 0.35046728971962615 9
1663333077826 0.3310834198684666 10
1663333128687 0.30910349601938386 11
1663333179559 0.27535479404638286 12
1663333230445 0.2691242644513673 13
1663333276312 0.2618553132571824 14
1663333327142 0.24108688127379715 15
