1663581606283 0.4153686396780209 1
1663581697684 0.4977500865145017 2
1663581789339 0.5507095880721341 3
1663581880771 0.5886119764418122 4
1663581971831 0.6169955002555966 5
1663582063240 0.6419176185634483 6
1663582154410 0.6666666667285615 7
1663582245458 0.6760124611210848 8
1663582336669 0.6957424715053008 9
1663582427818 0.7028383523297995 10
1663582519035 0.7227414330837016 11
1663582609884 0.73918310838325 12
1663582701012 0.7511249567736965 13
1663582792086 0.7604707511662199 14
1663582883770 0.7791623398481087 15
1663582975342 0.804776739335547 16
1663583066393 0.8025268259119435 17
1663583157755 0.8167185878085199 18
1663583249092 0.8316026306061565 19
1663583340542 0.846832814163797 20
