1663581606283 11.497542800520398 1
1663581697684 10.020317480365229 2
1663581789339 9.037471946196062 3
1663581880771 8.330346522425318 4
1663581971831 7.8569009126615015 5
1663582063240 7.316164214456729 6
1663582154410 6.8939446897892935 7
1663582245458 6.658055552399748 8
1663582336669 6.296414244913568 9
1663582427818 6.181185666563272 10
1663582519035 5.659780213477167 11
1663582609884 5.408696633137894 12
1663582701012 5.1869677865162735 13
1663582792086 4.987305749778972 14
1663582883770 4.746759429362539 15
1663582975342 4.208031137247901 16
1663583066393 4.117886928836959 17
1663583157755 3.8801875593093658 18
1663583249092 3.5715282290977934 19
1663583340542 3.3785683110990754 20
