1663581606283 0.9264451368286685 1
1663581697684 0.7182416060920734 2
1663581789339 0.6190723433507772 3
1663581880771 0.5527864313736305 4
1663581971831 0.5072689512560796 5
1663582063240 0.4648667358741417 6
1663582154410 0.41831083419868464 7
1663582245458 0.4048113534404316 8
1663582336669 0.3701973001244737 9
1663582427818 0.36587054347158426 10
1663582519035 0.328314295614331 11
1663582609884 0.30391138802869544 12
1663582701012 0.28695050190893084 13
1663582792086 0.27223952925403294 14
1663582883770 0.2532017999462456 15
1663582975342 0.2187608169122896 16
1663583066393 0.2194530979603498 17
1663583157755 0.20266528213548182 18
1663583249092 0.18345448253537677 19
1663583340542 0.16580131533918352 20
