1663549729572 0.3992731049012131 1
1663549819502 0.5032883350846676 2
1663549905896 0.5607476635617177 3
1663549992525 0.6097265490201486 4
1663550080558 0.6370716511316058 5
1663550171235 0.6711664936376633 6
1663550262293 0.6947040498236052 7
1663550353619 0.713395638608652 8
1663550444756 0.7296642436623036 9
1663550535789 0.7455867081622675 10
1663550622824 0.7699896158459031 11
1663550709223 0.7848736588085923 12
1663550796799 0.8078920042568443 13
1663550886642 0.8296988576743461 14
1663550977954 0.8456213221949416 15
1663551069062 0.8750432676078952 16
1663551160208 0.8831775700315632 17
1663551251825 0.9010038075871268 18
1663551343415 0.9003115264797508 19
1663551434897 0.9376947039879495 20
