1663549729572 15.942607635360723 1
1663549819502 13.624287975993937 2
1663549905896 12.001321997597953 3
1663549992525 10.982224760190885 4
1663550080558 10.17278819944092 5
1663550171235 9.307794879406288 6
1663550262293 8.672127200146784 7
1663550353619 8.205093559405102 8
1663550444756 7.610584111806223 9
1663550535789 7.091669548750336 10
1663550622824 6.549353871885242 11
1663550709223 6.133823112287749 12
1663550796799 5.616364904075562 13
1663550886642 4.893179908678498 14
1663550977954 4.524900759079333 15
1663551069062 3.8288418065721745 16
1663551160208 3.7333377066183435 17
1663551251825 3.081244374113786 18
1663551343415 3.1301972926818364 19
1663551434897 2.0850922234456983 20
