1663549729572 1.047248182782833 1
1663549819502 0.74870197302167 2
1663549905896 0.6284181377845638 3
1663549992525 0.5439598477033234 4
1663550080558 0.4868466597748034 5
1663550171235 0.42661820699719666 6
1663550262293 0.378850813512779 7
1663550353619 0.3508134302629984 8
1663550444756 0.3232952578850129 9
1663550535789 0.29421945313922093 10
1663550622824 0.25891311875715023 11
1663550709223 0.24593284873787652 12
1663550796799 0.21287642783098834 13
1663550886642 0.18691588785562518 14
1663550977954 0.16822429908089426 15
1663551069062 0.13516787816369025 16
1663551160208 0.1291104188455187 17
1663551251825 0.10730356525264838 18
1663551343415 0.10972654897888542 19
1663551434897 0.06663205262883472 20
