1663566818419 0.4420214607130495 1
1663566911025 0.5432675666320527 2
1663567003622 0.6057459328487366 3
1663567096104 0.6391484942886813 4
1663567188638 0.6715126341294566 5
1663567281167 0.6879543094496365 6
1663567373770 0.718760816891658 7
1663567467075 0.7275874004845967 8
1663567561957 0.755797853928695 9
1663567658924 0.7869505019037729 10
1663567757322 0.8094496365524403 11
1663567854641 0.8267566632052613 12
1663567952839 0.843717549325026 13
1663568051536 0.8721010730356524 14
1663568149525 0.8691588785046729 15
1663568248030 0.9084458290065767 16
1663568343172 0.9129456559363102 17
1663568436366 0.9361370716510904 18
1663568530183 0.9335410176531672 19
1663568623626 0.946521287642783 20
