1663566818419 15.165816643115104 1
1663566911025 12.648047160012947 2
1663567003622 10.98445137845228 3
1663567096104 10.156433550450743 4
1663567188638 9.269921613094427 5
1663567281167 8.55342328296726 6
1663567373770 7.868510135691568 7
1663567467075 7.666660432627392 8
1663567561957 6.805800740963945 9
1663567658924 6.177003478871864 10
1663567757322 5.53216960307181 11
1663567854641 5.014523737815971 12
1663567952839 4.628114911337219 13
1663568051536 3.96805303063477 14
1663568149525 3.854939518110197 15
1663568248030 2.848190070931661 16
1663568343172 2.7852438330939173 17
1663568436366 2.0513306067409958 18
1663568530183 2.2197380144524304 19
1663568623626 1.8657140523638847 20
