1663566818419 0.8935617860851506 1
1663566911025 0.6542056074766355 2
1663567003622 0.540325372101073 3
1663567096104 0.47732779508480444 4
1663567188638 0.4164070612668744 5
1663567281167 0.3817930079612323 6
1663567373770 0.34215991692627207 7
1663567467075 0.32329525787469715 8
1663567561957 0.2802007615091727 9
1663567658924 0.24281758393907926 10
1663567757322 0.2151263412945656 11
1663567854641 0.19003115264797507 12
1663567952839 0.17237798546209762 13
1663568051536 0.13862928348909656 14
1663568149525 0.14364832121841467 15
1663568248030 0.09865005192107996 16
1663568343172 0.0927656628591208 17
1663568436366 0.06715126341294565 18
1663568530183 0.07268951194184839 19
1663568623626 0.05711318795430945 20
