1663572530665 0.3843890619643133 1
1663572622111 0.45361716863233437 2
1663572713275 0.47992384908272756 3
1663572804533 0.5129802699896158 4
1663572895568 0.5434406369811071 5
1663572986686 0.5586708203530634 6
1663573077495 0.5835929387743888 7
1663573168880 0.6029768085636537 8
1663573259229 0.620110764970578 9
1663573345521 0.6268605053239151 10
1663573431658 0.6377639321151923 11
1663573519048 0.6531671858155715 12
1663573607841 0.6557632398547578 13
1663573693956 0.6706472827968155 14
1663573780163 0.6775700934166807 15
1663573867297 0.6903772932635578 16
1663573956863 0.6995500172863951 17
1663574048337 0.7069920388502661 18
1663574139723 0.7069920387264765 19
1663574231051 0.714434060166558 20
