1663572530665 3.658958771600984 1
1663572622111 3.345205921415393 2
1663572713275 3.152544944415913 3
1663572804533 2.964387949547086 4
1663572895568 2.829627045631079 5
1663572986686 2.7173427475823297 6
1663573077495 2.5801793485003057 7
1663573168880 2.513475542292953 8
1663573259229 2.4010241129853065 9
1663573345521 2.3734661210734527 10
1663573431658 2.308386994134435 11
1663573519048 2.219825940917792 12
1663573607841 2.1961048817956437 13
1663573693956 2.1422044560751647 14
1663573780163 2.108530169211692 15
1663573867297 2.0042095419526222 16
1663573956863 1.9758780813827859 17
1663574048337 1.9213514690293536 18
1663574139723 1.8898313508474442 19
1663574231051 1.876352808433406 20
