1663572530665 1.0084804431630403 1
1663572622111 0.8213914849532026 2
1663572713275 0.735029421986573 3
1663572804533 0.6708203530427121 4
1663572895568 0.6149186569747317 5
1663572986686 0.5880927657247539 6
1663573077495 0.5489788854687467 7
1663573168880 0.5178262375349321 8
1663573259229 0.4877120111383918 9
1663573345521 0.47628937351658257 10
1663573431658 0.4619245413741095 11
1663573519048 0.4338871581913815 12
1663573607841 0.42938733133901646 13
1663573693956 0.4067151264031893 14
1663573780163 0.39563862932475224 15
1663573867297 0.3797161648454201 16
1663573956863 0.36067843545510636 17
1663574048337 0.3485635168703422 18
1663574139723 0.3492557978745603 19
1663574231051 0.3393907926772944 20
