1663592692595 0.30719972308757354 1
1663592789682 0.37331256490134995 2
1663592888380 0.40446521287642784 3
1663592986933 0.43457943925233644 4
1663593085464 0.4550017307026653 5
1663593183956 0.47421253028729665 6
1663593282497 0.4806161301488404 7
1663593381158 0.4994807892004154 8
1663593479700 0.5022499134648667 9
1663593577973 0.5154032537210107 10
1663593676700 0.5256143994461752 11
1663593775099 0.5340948425060574 12
1663593873143 0.5392869505019038 13
1663593971099 0.5536517826237453 14
1663594069484 0.5643821391484943 15
1663594168142 0.5773624091381101 16
1663594266801 0.5745932848736587 17
1663594365592 0.5775354794046382 18
1663594463958 0.5803046036690896 19
1663594562272 0.5924195223260644 20
