1663592692595 6.6677063849195966 1
1663592789682 6.307197824651785 2
1663592888380 6.05790106950643 3
1663592986933 5.792940531935647 4
1663593085464 5.594281223662876 5
1663593183956 5.400075847197256 6
1663593282497 5.26848626986801 7
1663593381158 5.1452468545761185 8
1663593479700 5.081110595790273 9
1663593577973 4.97747341560715 10
1663593676700 4.8713562636278045 11
1663593775099 4.790688850921757 12
1663593873143 4.751932016084169 13
1663593971099 4.652078182897835 14
1663594069484 4.552047458145601 15
1663594168142 4.458584026549258 16
1663594266801 4.420460935858716 17
1663594365592 4.418688217963921 18
1663594463958 4.335641092806797 19
1663594562272 4.245645507762654 20
