1663592692595 1.0775354794046383 1
1663592789682 0.9491173416407062 2
1663592888380 0.8672551055728626 3
1663592986933 0.8136033229491173 4
1663593085464 0.7592592592592593 5
1663593183956 0.7161647628937349 6
1663593282497 0.6928002769124264 7
1663593381158 0.6659743856005538 8
1663593479700 0.652128764278297 9
1663593577973 0.6320526133610246 10
1663593676700 0.6111111111111112 11
1663593775099 0.5988231221876081 12
1663593873143 0.5837660089996538 13
1663593971099 0.5668051228798893 14
1663594069484 0.5496711664935964 15
1663594168142 0.5306334371754933 16
1663594266801 0.5309795777085496 17
1663594365592 0.5249221183800623 18
1663594463958 0.51644167532018 19
1663594562272 0.5013845621322257 20
