1663555167118 0.4098303911388024 1
1663555264885 0.4771547248182762 2
1663555362751 0.5244029075804777 3
1663555460495 0.5629975770162686 4
1663555558743 0.6024575977847005 5
1663555656808 0.6266874350986501 6
1663555754847 0.6516095534787124 7
1663555853551 0.6682242990654206 8
1663555951542 0.6824160609207338 9
1663556049644 0.6905503634475597 10
1663556147860 0.7037037037037037 11
1663556245849 0.7272412599515403 12
1663556344216 0.7300103842159917 13
1663556442143 0.7395292488750432 14
1663556540525 0.7552786431291104 15
1663556638528 0.7667012807199723 16
1663556736608 0.777950848044306 17
1663556835126 0.7872966424368294 18
1663556933492 0.7931810314987885 19
1663557031990 0.805122879889235 20
