1663555167118 3.542295236742674 1
1663555264885 3.155104453277324 2
1663555362751 2.905116405896391 3
1663555460495 2.6950813328860828 4
1663555558743 2.5131184607898955 5
1663555656808 2.382109308457366 6
1663555754847 2.2748262487137842 7
1663555853551 2.1625956897299856 8
1663555951542 2.0482196663440244 9
1663556049644 2.004020542205515 10
1663556147860 1.915487240325542 11
1663556245849 1.8281731278725502 12
1663556344216 1.7679342681786394 13
1663556442143 1.7158429195576368 14
1663556540525 1.6543166145563704 15
1663556638528 1.5784475403947786 16
1663556736608 1.4932033659967017 17
1663556835126 1.4414653376998188 18
1663556933492 1.378885234297663 19
1663557031990 1.2998265468535766 20
