1663555167118 0.9477327795084804 1
1663555264885 0.7492211838006231 2
1663555362751 0.6483212184146764 3
1663555460495 0.5820353063343717 4
1663555558743 0.5219799238490828 5
1663555656808 0.4764624437521634 6
1663555754847 0.43821391484942884 7
1663555853551 0.4124264451367255 8
1663555951542 0.38611976462443753 9
1663556049644 0.3746971270335756 10
1663556147860 0.3541017653167186 11
1663556245849 0.32035306334371755 12
1663556344216 0.31689165801315333 13
1663556442143 0.3061613014884043 14
1663556540525 0.28418137763932155 15
1663556638528 0.26739356178608514 16
1663556736608 0.25043267566632055 17
1663556835126 0.2400484596746279 18
1663556933492 0.22949117341640707 19
1663557031990 0.21754932502596053 20
