1663540683098 0.3850813430562156 1
1663540774078 0.45846313611575584 2
1663540864948 0.5169608861816594 3
1663540955871 0.5562478366010368 4
1663541046777 0.5903426791070943 5
1663541137563 0.6208030460985856 6
1663541226976 0.6436483212803095 7
1663541313616 0.6625129803318843 8
1663541400554 0.6834544825817979 9
1663541489176 0.6919349256623117 10
1663541580504 0.7092419521707117 11
1663541671865 0.7189338871169231 12
1663541762679 0.7294911733751439 13
1663541853964 0.7580477674554565 14
1663541945045 0.762028383503079 15
1663542035979 0.7831429561020471 16
1663542127179 0.7930079613354182 17
1663542218168 0.8001038422424432 18
1663542309058 0.8084112148913762 19
1663542400300 0.8168916579718902 20
