1663540683098 4.87064115577769 1
1663540774078 4.338434274405416 2
1663540864948 4.006994201221777 3
1663540955871 3.7148134911419324 4
1663541046777 3.459269160669788 5
1663541137563 3.2421229874316118 6
1663541226976 3.029127831853521 7
1663541313616 2.8956231900918605 8
1663541400554 2.74299956110779 9
1663541489176 2.668794167004642 10
1663541580504 2.5010646120327573 11
1663541671865 2.4297451826064553 12
1663541762679 2.327364118175962 13
1663541853964 2.165338972853558 14
1663541945045 2.11612025517087 15
1663542035979 1.987977139963828 16
1663542127179 1.8828842925876843 17
1663542218168 1.8316016931688963 18
1663542309058 1.756432518904578 19
1663542400300 1.670527604180003 20
