1663540683098 0.9333679474279022 1
1663540774078 0.7523364485981309 2
1663540864948 0.6529941156212539 3
1663540955871 0.5827275874830109 4
1663541046777 0.5238836968015246 5
1663541137563 0.4766355140290074 6
1663541226976 0.4359640014051937 7
1663541313616 0.4087919695602647 8
1663541400554 0.3748701973207354 9
1663541489176 0.36327448952524005 10
1663541580504 0.33506403601408913 11
1663541671865 0.32467982004818596 12
1663541762679 0.3118726203250984 13
1663541853964 0.27552786432322685 14
1663541945045 0.2696434752612677 15
1663542035979 0.24333679475929548 16
1663542127179 0.2305295950168658 17
1663542218168 0.21858774670765613 18
1663542309058 0.2104534441034618 19
1663542400300 0.20179993081315656 20
