1664106718335 0.4286950501903773 1
1664106784705 0.49878850813430253 2
1664106845500 0.592938733125649 3
1664106911884 0.6438213914849429 4
1664106973054 0.6682242990654206 5
1664107034618 0.7017999307718934 6
1664107095425 0.7114918656974731 7
1664107156591 0.7419522326064382 8
1664107222770 0.7538940809968847 9
1664107284116 0.7732779508480443 10
1664107345370 0.7926618206992039 11
1664107406526 0.8044305988231222 12
1664107467594 0.8156801661474559 13
1664107533872 0.8229491173416407 14
1664107600545 0.8399100034614053 15
1664107662303 0.8615437867774316 16
1664107723504 0.870024229837314 17
1664107784456 0.8721010730356524 18
1664107846020 0.8836967808930426 19
1664107907831 0.8814468674281758 20
1664107968807 0.9086188992731049 21
1664108030028 0.9150224991346486 22
1664108091022 0.9191761855313257 23
1664108152265 0.9155417099342333 24
1664108213509 0.9387331256490135 25
