1664106718335 16.632417690056588 1
1664106784705 15.134270272893698 2
1664106845500 12.371124299268237 3
1664106911884 10.823090566983064 4
1664106973054 9.961573835473937 5
1664107034618 9.137534963337762 6
1664107095425 8.553385254254842 7
1664107156591 7.924279464822032 8
1664107222770 7.5874361820227545 9
1664107284116 7.041574005356046 10
1664107345370 6.378310073532007 11
1664107406526 6.093051125286111 12
1664107467594 5.776503506809339 13
1664107533872 5.5849194109089115 14
1664107600545 5.092263042823631 15
1664107662303 4.500598247837715 16
1664107723504 4.1874103364997275 17
1664107784456 4.06696882937845 18
1664107846020 3.905676704907178 19
1664107907831 3.83508344375786 20
1664107968807 3.028602698922941 21
1664108030028 2.814392829403493 22
1664108091022 2.8971338041433623 23
1664108152265 2.782118669948639 24
1664108213509 2.3040751959056993 25
