1664106718335 0.927656628591208 1
1664106784705 0.7467982000692281 2
1664106845500 0.5453444098303911 3
1664106911884 0.4520595361716857 4
1664106973054 0.40446521287642784 5
1664107034618 0.35289027345102114 6
1664107095425 0.33662166839736934 7
1664107156591 0.2935271720318449 8
1664107222770 0.2772585669781931 9
1664107284116 0.2538940809968847 10
1664107345370 0.2270681896850121 11
1664107406526 0.21131879543094495 12
1664107467594 0.19989615784008308 13
1664107533872 0.18916580131533403 14
1664107600545 0.16960886119764623 15
1664107662303 0.14537902388369678 16
1664107723504 0.13724472135687088 17
1664107784456 0.13309103496019384 18
1664107846020 0.12305295950155763 19
1664107907831 0.12305295950155763 20
1664107968807 0.09657320872274143 21
1664108030028 0.08757355486327449 22
1664108091022 0.08515057113187954 23
1664108152265 0.08809276566285912 24
1664108213509 0.06317064728279681 25
