1663562938871 0.42956040152301833 1
1663563036376 0.5382485289027346 2
1663563133923 0.5799584631360333 3
1663563231351 0.6298026998961579 4
1663563329356 0.6645898234683282 5
1663563426956 0.6772239529248875 6
1663563524159 0.7099342332987193 7
1663563621588 0.7241259951540325 8
1663563719218 0.7457597784700588 9
1663563816635 0.7556247836621668 10
1663563914791 0.7848736587054344 11
1663564012712 0.8063343717549325 12
1663564110531 0.8153340256143995 13
1663564208769 0.8319487712011077 14
1663564307177 0.8502942194530979 15
1663564405446 0.8731394946348218 16
1663564503596 0.8859466943579093 17
1663564601344 0.9011768778123919 18
1663564699140 0.904638283142956 19
1663564797712 0.9236760124610592 20
