1663562938871 10.012848594932253 1
1663563036376 8.356778978682506 2
1663563133923 7.582796569842705 3
1663563231351 6.774321416126646 4
1663563329356 6.238721202838458 5
1663563426956 5.789354296116814 6
1663563524159 5.411518467467068 7
1663563621588 5.099946499592955 8
1663563719218 4.7409309002304205 9
1663563816635 4.530459827681899 10
1663563914791 4.009877287999038 11
1663564012712 3.7424079655115476 12
1663564110531 3.43238641812175 13
1663564208769 3.222302505655576 14
1663564307177 2.8600434958212677 15
1663564405446 2.429985027653241 16
1663564503596 2.381958970729766 17
1663564601344 2.0401009930257112 18
1663564699140 1.9365029484910428 19
1663564797712 1.4896939391777688 20
