1663562938871 0.9127725856697819 1
1663563036376 0.6483212184146764 2
1663563133923 0.5775354794046382 3
1663563231351 0.48355832467982 4
1663563329356 0.42073381793007963 5
1663563426956 0.3973693319487712 6
1663563524159 0.34821737625475946 7
1663563621588 0.32502596053997923 8
1663563719218 0.29283489096573206 9
1663563816635 0.2796815507095881 10
1663563914791 0.24039460020768433 11
1663564012712 0.21495327102803738 12
1663564110531 0.19955001730702665 13
1663564208769 0.181723779854621 14
1663564307177 0.1606092073381793 15
1663564405446 0.1337833160263067 16
1663564503596 0.12132225683627552 17
1663564601344 0.10713049498096228 18
1663564699140 0.10349601938386985 19
1663564797712 0.07995846313603323 20
