1663529151277 0.42177223952924886 1
1663529249356 0.541883004499827 2
1663529347212 0.6166493596400139 3
1663529444830 0.6486673589477328 4
1663529543271 0.6848390446521287 5
1663529640107 0.7163378331602631 6
1663529733165 0.74177916233991 7
1663529826521 0.7606438213914849 8
1663529921933 0.782104534440983 9
1663530019798 0.8082381446867428 10
1663530118054 0.8373139494634821 11
1663530216447 0.8521979923849082 12
1663530314591 0.8731394946348218 13
1663530412778 0.8809276566285912 14
1663530507377 0.9039460020768432 15
1663530600505 0.9299065420560748 16
1663530694660 0.9357909311180339 17
1663530791576 0.9364832121841468 18
1663530889948 0.9525787469712703 19
1663530988246 0.9584631360332295 20
