1663529151277 10.112902230975454 1
1663529249356 8.251076120948989 2
1663529347212 7.018902163639247 3
1663529444830 6.317859240987797 4
1663529543271 5.8222894706541215 5
1663529640107 5.162540740478241 6
1663529733165 4.779094953960348 7
1663529826521 4.4070445176596955 8
1663529921933 4.074767420225054 9
1663530019798 3.6439826680781233 10
1663530118054 3.173375064008745 11
1663530216447 2.857143453596042 12
1663530314591 2.5117363617695836 13
1663530412778 2.284009718800053 14
1663530507377 1.986584227775859 15
1663530600505 1.4809709429823432 16
1663530694660 1.3953059758074187 17
1663530791576 1.4395330105738973 18
1663530889948 1.00138488380956 19
1663530988246 0.9472877514552146 20
