1663529151277 0.9304257528556594 1
1663529249356 0.6429560401523018 2
1663529347212 0.5 3
1663529444830 0.43856005538248527 4
1663529543271 0.3821391484942887 5
1663529640107 0.3312564901349948 6
1663529733165 0.2931810314987885 7
1663529826521 0.26687435098650053 8
1663529921933 0.24368293527172033 9
1663530019798 0.21131879543094495 10
1663530118054 0.17428175839390792 11
1663530216447 0.15818622360678436 12
1663530314591 0.13482173762547595 13
1663530412778 0.125822083766009 14
1663530507377 0.10124610591900311 15
1663530600505 0.07251644167532018 16
1663530694660 0.06663205261336103 17
1663530791576 0.0661128418137764 18
1663530889948 0.04932502596053998 19
1663530988246 0.04430598823122188 20
