1667487907231 0.47421253028729665 1
1667488005917 0.4164070612668744 2
1667488103296 0.6336102457597784 3
1667488201499 0.6709934233298719 4
1667488297615 0.4781931464174455 5
1667488392967 0.6784354447905849 6
1667488491276 0.7448944271374178 7
1667488589788 0.6979923849082728 8
1667488696916 0.5835929387331257 9
1667488794213 0.49619245413637936 10
1667488890678 0.6611284181377639 11
1667488993334 0.7994115610938041 12
1667489092017 0.6654551748009692 13
1667489195846 0.8669089650398062 14
1667489298047 0.6739356178608515 15
