1667487907231 14.031227671014847 1
1667488005917 11.11172147191656 2
1667488103296 9.287335346627293 3
1667488201499 8.533727973833676 4
1667488297615 12.681721986062223 5
1667488392967 7.891637821600238 6
1667488491276 6.437529506960638 7
1667488589788 8.343783376001495 8
1667488696916 11.820781632427444 9
1667488794213 11.268775503707204 10
1667488890678 14.642811138764431 11
1667488993334 5.221459409436704 12
1667489092017 8.491535853250252 13
1667489195846 3.6768758052688604 14
1667489298047 8.257729667947135 15
