1667487907231 0.8490827275874004 1
1667488005917 0.6150917272412599 2
1667488103296 0.503288335064036 3
1667488201499 0.4224645205953617 4
1667488297615 0.6697819314641744 5
1667488392967 0.3852544132917965 6
1667488491276 0.2831429560401523 7
1667488589788 0.38456213222568364 8
1667488696916 0.4884042921426099 9
1667488794213 0.5905157493942541 10
1667488890678 0.38508134302526825 11
1667488993334 0.22152994115610938 12
1667489092017 0.3996192454136379 13
1667489195846 0.14191761855313256 14
1667489298047 0.4067151263412946 15
