1663600481605 0.38646590515749396 1
1663600579801 0.4434060228452752 2
1663600678165 0.473693319487712 3
1663600776652 0.5039806161301489 4
1663600875045 0.5209415022499134 5
1663600979614 0.5482866043613707 6
1663601077822 0.5730356524749048 7
1663601175831 0.589650398061613 8
1663601274040 0.6067843544479059 9
1663601372386 0.6156109380408445 10
1663601470661 0.6394946348217376 11
1663601569156 0.6476289373485635 12
1663601667606 0.6613014884042921 13
1663601766045 0.6638975424022153 14
1663601863983 0.6770508826583593 15
1663601962222 0.6813776393215646 16
1663602059972 0.6915887850467289 17
1663602158489 0.7014537902388369 18
1663602256500 0.7043959847698166 19
1663602354825 0.7104534440983039 20
