1663600481605 16.46327290678569 1
1663600579801 15.41613786416138 2
1663600678165 14.405597934016475 3
1663600776652 13.497613347661911 4
1663600875045 12.954877258543739 5
1663600979614 12.266411866148106 6
1663601077822 11.751979643682082 7
1663601175831 11.284436005050644 8
1663601274040 10.795134445175906 9
1663601372386 10.574244987762441 10
1663601470661 10.033117577872007 11
1663601569156 9.875543603603301 12
1663601667606 9.505007393923792 13
1663601766045 9.234993980185884 14
1663601863983 9.019414359700436 15
1663601962222 8.86769766393274 16
1663602059972 8.58341010395075 17
1663602158489 8.337091319822614 18
1663602256500 8.204240956080335 19
1663602354825 8.06613228943324 20
