1663600481605 1.1168224299065421 1
1663600579801 0.9236760124610592 2
1663600678165 0.8030460366908965 3
1663600776652 0.7272412599515403 4
1663600875045 0.6820699203876774 5
1663600979614 0.6164762893734856 6
1663601077822 0.5856697819314641 7
1663601175831 0.5479404638283143 8
1663601274040 0.5268258913118726 9
1663601372386 0.5124610591900312 10
1663601470661 0.47282796815507094 11
1663601569156 0.45777085496711667 12
1663601667606 0.433367947386639 13
1663601766045 0.4307718933887158 14
1663601863983 0.403772931810315 15
1663601962222 0.4025614399446175 16
1663602059972 0.3833506403599862 17
1663602158489 0.36656282450674976 18
1663602256500 0.3582554517133956 19
1663602354825 0.35444790584977504 20
