1667493958229 0.2895465559016961 1
1667494069155 0.51644167532018 2
1667494168946 0.5219799238490828 3
1667494278330 0.37487019730010385 4
1667494382111 0.5325372101073036 5
1667494484076 0.5668051228798893 6
1667494588423 0.5688819660782277 7
1667494689931 0.661993769470405 8
1667494790467 0.5500173070266529 9
1667494900715 0.7959501557632399 10
1667495010544 0.8160263066805122 11
1667495115288 0.8340256143994462 12
1667495217935 0.6625129802699896 13
1667495323804 0.7296642436829353 14
1667495421119 0.4226375908618899 15
