1667493958229 15.81843634368062 1
1667494069155 14.51247764896381 2
1667494168946 14.204267010139157 3
1667494278330 23.87507912888994 4
1667494382111 10.968095207016292 5
1667494484076 13.090661781392901 6
1667494588423 14.656890531772971 7
1667494689931 11.858199867586563 8
1667494790467 14.553750657424583 9
1667494900715 6.248448739459499 10
1667495010544 5.736285146935748 11
1667495115288 5.217878120174124 12
1667495217935 11.43898247170506 13
1667495323804 9.388639744862465 14
1667495421119 30.5619352399457 15
