1667493958229 0.8077189338871582 1
1667494069155 0.7028383523710626 2
1667494168946 0.6176877812391831 3
1667494278330 0.9998269297334718 4
1667494382111 0.4979231568016615 5
1667494484076 0.605226722049152 6
1667494588423 0.6007268951194185 7
1667494689931 0.44773277950848045 8
1667494790467 0.5742471443406023 9
1667494900715 0.23226029768085843 10
1667495010544 0.202319141571478 11
1667495115288 0.17757009345794392 12
1667495217935 0.41467635860159224 13
1667495323804 0.3326410522672205 14
1667495421119 0.9361370716510904 15
