1663538871330 0.3994461751471097 1
1663538962233 0.4740394600207684 2
1663539053139 0.5188646591341013 3
1663539144023 0.5602284527518172 4
1663539234831 0.5894773278776111 5
1663539325898 0.6109380408033197 6
1663539416687 0.620629975852689 7
1663539507495 0.6505711319208063 8
1663539595169 0.6548978885014852 9
1663539681704 0.6742817583732763 10
1663539768970 0.6919349255385222 11
1663539858799 0.7011076497883069 12
1663539950347 0.7097611630528227 13
1663540042047 0.7194530979371393 14
1663540133635 0.7296642436210405 15
1663540225142 0.7476635514225007 16
1663540316800 0.75995154042853 17
1663540408157 0.7691242643894725 18
1663540499431 0.7779508480030428 19
1663540590504 0.7893734857383258 20
