1663538871330 3.5604954865945175 1
1663538962233 3.175542467479765 2
1663539053139 2.9672219386848457 3
1663539144023 2.7776908238233684 4
1663539234831 2.640677937424773 5
1663539325898 2.4579045899643046 6
1663539416687 2.383908674105429 7
1663539507495 2.2419628647216343 8
1663539595169 2.2063007512774258 9
1663539681704 2.122542490881593 10
1663539768970 2.000367212394564 11
1663539858799 1.9490134869532918 12
1663539950347 1.9026188272718494 13
1663540042047 1.8327624982680033 14
1663540133635 1.7560180337340743 15
1663540225142 1.6780754751753089 16
1663540316800 1.6137923896828503 17
1663540408157 1.5515426919715303 18
1663540499431 1.5009490233797975 19
1663540590504 1.4532350449671008 20
