1663538871330 0.9551748009279303 1
1663538962233 0.7606438213914849 2
1663539053139 0.6682242991479469 3
1663539144023 0.5946694358528258 4
1663539234831 0.551228798954245 5
1663539325898 0.5029421945516112 6
1663539416687 0.4889235030247209 7
1663539507495 0.44340602288653835 8
1663539595169 0.43111803395271964 9
1663539681704 0.4056767047421253 10
1663539768970 0.3752163378434761 11
1663539858799 0.3584285220624502 12
1663539950347 0.34665974387147924 13
1663540042047 0.33021806855645713 14
1663540133635 0.3142956040307039 15
1663540225142 0.2914503288489801 16
1663540316800 0.27743163724601083 17
1663540408157 0.26514364833669213 18
1663540499431 0.25112495676338076 19
1663540590504 0.2371062651449378 20
