1663533049741 0.42834890965732086 1
1663533142787 0.5377293181031498 2
1663533236998 0.5964001384562132 3
1663533333701 0.6280719972308757 4
1663533428414 0.6697819314641744 5
1663533521322 0.7000692281066113 6
1663533615446 0.7246452059536171 7
1663533711926 0.747490481135341 8
1663533810119 0.7682589131187262 9
1663533908172 0.7867774316372447 10
1663534005954 0.8279681550709588 11
1663534099621 0.8431983385254413 12
1663534193032 0.8582554517133957 13
1663534287768 0.8842159916926272 14
1663534385131 0.897196261682243 15
1663534478739 0.9259259259259259 16
1663534572087 0.9326756663205261 17
1663534666992 0.9117341640706127 18
1663534764671 0.9508480443059882 19
1663534862928 0.9475597092419522 20
