1663533049741 15.3804860252045 1
1663533142787 12.885290627167604 2
1663533236998 11.448210135592273 3
1663533333701 10.382764026672215 4
1663533428414 9.335747077416366 5
1663533521322 8.484936168838347 6
1663533615446 7.764135918925897 7
1663533711926 7.218248434981164 8
1663533810119 6.642592306985455 9
1663533908172 6.180016963611469 10
1663534005954 5.0526163181081785 11
1663534099621 4.588983009083537 12
1663534193032 4.218245465766191 13
1663534287768 3.5340243864736163 14
1663534385131 3.279079397540061 15
1663534478739 2.45711340066903 16
1663534572087 2.08687566753571 17
1663534666992 2.807451913826356 18
1663534764671 1.655866505200989 19
1663534862928 1.814258027266016 20
