1663533049741 0.944963655244029 1
1663533142787 0.6822429906542056 2
1663533236998 0.562478366216684 3
1663533333701 0.49255797853928696 4
1663533428414 0.42021460713049497 5
1663533521322 0.36310141917618555 6
1663533615446 0.32502596053997923 7
1663533711926 0.2898926964347525 8
1663533810119 0.2630668051228799 9
1663533908172 0.23745240567670475 10
1663534005954 0.1888196607822776 11
1663534099621 0.16753201799930773 12
1663534193032 0.1557632398753894 13
1663534287768 0.1240913811007269 14
1663534385131 0.11041883004499826 15
1663534478739 0.0796123226029768 16
1663534572087 0.07095880927656628 17
1663534666992 0.10557286258220838 18
1663534764671 0.05261336102457598 19
1663534862928 0.05763239875389408 20
