1663527187298 0.4311180339217722 1
1663527285405 0.5417099342332987 2
1663527383468 0.6128418137763932 3
1663527481499 0.6396677050882659 4
1663527579883 0.6735894773277951 5
1663527678053 0.7062997577016269 6
1663527776106 0.7277604707511249 7
1663527873908 0.7511249567324334 8
1663527971746 0.7646244375216338 9
1663528070077 0.7909311180339218 10
1663528168287 0.7855659397715472 11
1663528266483 0.839563862928349 12
1663528364686 0.8570439598476982 13
1663528463027 0.8791969539633091 14
1663528560986 0.884042921426099 15
1663528659033 0.9113880235375562 16
1663528756879 0.929214260989962 17
1663528855031 0.9427137417791623 18
1663528953227 0.956386292834891 19
1663529051558 0.9534440983039114 20
