1663527187298 8.799671648117283 1
1663527285405 7.24962330854818 2
1663527383468 6.274185783766512 3
1663527481499 5.688919167899887 4
1663527579883 5.2726379113137085 5
1663527678053 4.774801613592119 6
1663527776106 4.380812054565102 7
1663527873908 4.06192740980586 8
1663527971746 3.788172317731335 9
1663528070077 3.4117372860418302 10
1663528168287 3.6330926825984533 11
1663528266483 2.769484488020805 12
1663528364686 2.5183090244704522 13
1663528463027 2.14510922787428 14
1663528560986 1.967956947636629 15
1663528659033 1.6398260674083798 16
1663528756879 1.3274414273499204 17
1663528855031 1.110539734333898 18
1663528953227 0.856269252294073 19
1663529051558 0.8702177734766381 20
