1663527187298 0.9415022499134649 1
1663527285405 0.661993769470405 2
1663527383468 0.5280373831775701 3
1663527481499 0.4664243682935272 4
1663527579883 0.4091381100726895 5
1663527678053 0.35340948425060575 6
1663527776106 0.3210453444098304 7
1663527873908 0.2900657667012807 8
1663527971746 0.2696434752509519 9
1663528070077 0.23295257874697128 10
1663528168287 0.24385600553824852 11
1663528266483 0.17289719626168223 12
1663528364686 0.15680166147455868 13
1663528463027 0.13205261336102458 14
1663528560986 0.12599515403253722 15
1663528659033 0.09882312218760816 16
1663528756879 0.0763239875389408 17
1663528855031 0.06161301488404292 18
1663528953227 0.04742125302872966 19
1663529051558 0.05088265835929388 20
