1663576147828 0.3563516788125327 1
1663576239225 0.45413637938034 2
1663576330367 0.4944617515536236 3
1663576421467 0.5463828314914552 4
1663576512803 0.5790931118652869 5
1663576603934 0.6057459328074735 6
1663576694877 0.6149186570159949 7
1663576786163 0.644513672489161 8
1663576877326 0.6550709588195923 9
1663576968379 0.6767047421871977 10
1663577059508 0.686742817542676 11
1663577150743 0.6863966770302511 12
1663577241786 0.7061266874763619 13
1663577332866 0.7263759086188992 14
1663577423947 0.7277604707098618 15
1663577515096 0.74610591906501 16
1663577606427 0.745413637957634 17
1663577697601 0.7637590862302559 18
1663577788794 0.7708549671579126 19
1663577880187 0.7710280374244407 20
