1663576147828 6.34258042127874 1
1663576239225 5.579776450315946 2
1663576330367 5.1084171947454164 3
1663576421467 4.71822889654147 4
1663576512803 4.392875981850787 5
1663576603934 4.1939114380477 6
1663576694877 4.029419171599708 7
1663576786163 3.8165836232721126 8
1663576877326 3.719057695640334 9
1663576968379 3.541097854981995 10
1663577059508 3.3730348131160666 11
1663577150743 3.3466831394940275 12
1663577241786 3.2112483460006107 13
1663577332866 3.0541286133448944 14
1663577423947 2.9488303164537903 15
1663577515096 2.834238808061805 16
1663577606427 2.8015192397617064 17
1663577697601 2.6507758378734967 18
1663577788794 2.549472704194499 19
1663577880187 2.5041049483244127 20
