1663576147828 0.9719626168430615 1
1663576239225 0.7557978539699582 2
1663576330367 0.6618206992657715 3
1663576421467 0.5849775009478777 4
1663576512803 0.5356524749873377 5
1663576603934 0.49342332991319116 6
1663576694877 0.4749048113585674 7
1663576786163 0.43492557980086655 8
1663576877326 0.4151955693805453 9
1663576968379 0.38421599172357457 10
1663577059508 0.3662166840149565 11
1663577150743 0.3674281758393908 12
1663577241786 0.3412945655987889 13
1663577332866 0.3172377986287361 14
1663577423947 0.31135340951519797 15
1663577515096 0.28591208033555104 16
1663577606427 0.2848736587105923 17
1663577697601 0.2663551402281791 18
1663577788794 0.2551055729038454 19
1663577880187 0.250086535138422 20
