1663604417438 0.398061613014884 1
1663604515694 0.459674627898927 2
1663604614156 0.4968847352024922 3
1663604712708 0.5282104534440983 4
1663604811527 0.5519210799584632 5
1663604909951 0.5849775008653514 6
1663605008480 0.5946694357909311 7
1663605106652 0.6220145379023884 8
1663605205304 0.6272066458982347 9
1663605304086 0.6401869158878505 10
1663605402601 0.6528210453444099 11
1663605500938 0.665282104534441 12
1663605599428 0.6758393907926619 13
1663605698124 0.6813776393215646 14
1663605797004 0.6915887850467289 15
1663605895326 0.6997230875735548 16
1663605993585 0.7078573901003807 17
1663606091797 0.721183800623053 18
1663606189827 0.7255105572862582 19
1663606287945 0.7277604707511249 20
