1663604417438 18.987194360024628 1
1663604515694 17.231877239487417 2
1663604614156 15.993029849592812 3
1663604712708 14.936115536899376 4
1663604811527 14.20738654369382 5
1663604909951 13.463552113180137 6
1663605008480 12.908050616334656 7
1663605106652 12.370251210266515 8
1663605205304 11.976539735936013 9
1663605304086 11.619538567312947 10
1663605402601 11.194218933974305 11
1663605500938 10.93275448557166 12
1663605599428 10.594854147469722 13
1663605698124 10.268940303349586 14
1663605797004 10.023379104696124 15
1663605895326 9.82543677266967 16
1663605993585 9.568740603089456 17
1663606091797 9.210990929859408 18
1663606189827 9.0313181832572 19
1663606287945 8.902448845182004 20
