1663604417438 1.0269989615784008 1
1663604515694 0.8213914849428868 2
1663604614156 0.7291450328833506 3
1663604712708 0.6510903426791277 4
1663604811527 0.6152647975077882 5
1663604909951 0.5564209068881966 6
1663605008480 0.5404984423676013 7
1663605106652 0.4953271028037383 8
1663605205304 0.48390446521287644 9
1663605304086 0.4607130494980962 10
1663605402601 0.43786777431637247 11
1663605500938 0.41813776393215646 12
1663605599428 0.40152301834544823 13
1663605698124 0.3959847698165455 14
1663605797004 0.3755624783662167 15
1663605895326 0.36725510557286256 16
1663605993585 0.35358255451713394 17
1663606091797 0.3374870197300104 18
1663606189827 0.3260643821391485 19
1663606287945 0.3212184146763586 20
