1667495532308 0.2699896157840083 1
1667495627199 0.4556940117687781 2
1667495723665 0.36881273797161646 3
1667495820557 0.5851505711318795 4
1667495920662 0.642263759086189 5
1667496018654 0.6194184839044652 6
1667496114446 0.6730702665282104 7
1667496210431 0.49567324333679474 8
1667496309756 0.7658359293873312 9
1667496405992 0.7275874004845967 10
1667496501059 0.7879889235029421 11
1667496597241 0.7743163724472135 12
1667496694102 0.7564901349948079 13
1667496796361 0.29231568016614745 14
1667496895252 0.8868120456905504 15
