1667495532308 20.03343948768307 1
1667495627199 23.712153029053958 2
1667495723665 20.320032366009556 3
1667495820557 12.209457011897905 4
1667495920662 10.841116469803463 5
1667496018654 12.077880898657535 6
1667496114446 9.806685545981734 7
1667496210431 13.626854702773578 8
1667496309756 7.727326670580976 9
1667496405992 8.82806847210201 10
1667496501059 6.332405523925391 11
1667496597241 7.421315229817962 12
1667496694102 6.8530092556281 13
1667496796361 31.498356225953543 14
1667496895252 3.771341303138429 15
