1667495532308 1.3497750086535134 1
1667495627199 0.9569055036344756 2
1667495723665 0.9657320872274143 3
1667495820557 0.5674974039460021 4
1667495920662 0.44098303911388026 5
1667496018654 0.48650051921079956 6
1667496114446 0.40498442367601245 7
1667496210431 0.7326064382139148 8
1667496309756 0.2675666320526134 9
1667496405992 0.3283142956040152 10
1667496501059 0.2383177570093458 11
1667496597241 0.26220145379023885 12
1667496694102 0.25579785392869503 13
1667496796361 0.9520595361716857 14
1667496895252 0.11959155417099342 15
