1663542492874 0.3814468674488074 1
1663542583941 0.45880927664881227 2
1663542674982 0.5337487019317378 3
1663542764630 0.571997230855104 4
1663542851215 0.6010730357350013 5
1663542938129 0.6315334025408084 6
1663543027126 0.6535133263486279 7
1663543118607 0.672031844887778 8
1663543210047 0.6908965040218793 9
1663543301427 0.7094150225403978 10
1663543392636 0.7289719625549277 11
1663543483484 0.7412599515815885 12
1663543574686 0.7590861889720995 13
1663543665714 0.7732779508893075 14
1663543756635 0.788681204569055 15
1663543847418 0.7966424368912475 16
1663543938233 0.8168916581163113 17
1663544029083 0.8245067497816577 18
1663544119929 0.8386985116369711 19
1663544210964 0.8459674628930506 20
