1663542492874 6.180011277712105 1
1663542583941 5.41150819310353 2
1663542674982 4.854349454739136 3
1663542764630 4.484699502788477 4
1663542851215 4.230713430182172 5
1663542938129 3.9202384059096587 6
1663543027126 3.684678703412419 7
1663543118607 3.49624059191209 8
1663543210047 3.2940966899768833 9
1663543301427 3.1057306104318707 10
1663543392636 2.9455118168592866 11
1663543483484 2.819164951601091 12
1663543574686 2.6583342788210373 13
1663543665714 2.5299681298829313 14
1663543756635 2.3800753367405196 15
1663543847418 2.269960361023847 16
1663543938233 2.0741872703711355 17
1663544029083 1.9803854569137695 18
1663544119929 1.8510205511322233 19
1663544210964 1.8192724522194181 20
