1663542492874 0.9190031152854291 1
1663542583941 0.7279335410176532 2
1663542674982 0.6147455867494667 3
1663542764630 0.5519210799790947 4
1663542851215 0.5008653513326411 5
1663542938129 0.4544825198824491 6
1663543027126 0.41848390448068656 7
1663543118607 0.38906195919668024 8
1663543210047 0.35877466254392765 9
1663543301427 0.333160263071963 10
1663543392636 0.30893042576832935 11
1663543483484 0.2943925233696439 12
1663543574686 0.2698165455381117 13
1663543665714 0.25285565940287336 14
1663543756635 0.2350294219453098 15
1663543847418 0.2220491519763256 16
1663543938233 0.19643475251080833 17
1663544029083 0.1902042229196612 18
1663544119929 0.17324333679989656 19
1663544210964 0.16528210453573045 20
