1663531087989 0.4164070612668744 1
1663531186344 0.5515749394254067 2
1663531284428 0.6033229491173416 3
1663531382403 0.6092073381793008 4
1663531480538 0.6656282450674974 5
1663531578625 0.6973001038421599 6
1663531676853 0.7159916926272066 7
1663531774947 0.748355832467982 8
1663531873071 0.7613361024575978 9
1663531971268 0.7911041883004499 10
1663532069327 0.8193146417445483 11
1663532167495 0.838006230529595 12
1663532265630 0.8591208030460367 13
1663532363892 0.8724472135687089 14
1663532462149 0.8868120456905504 15
1663532560559 0.9039460020768432 16
1663532659022 0.9264451367255105 17
1663532757504 0.940809968847352 18
1663532855852 0.9316372447213569 19
1663532954291 0.949809622706819 20
