1663531087989 11.421349728466442 1
1663531186344 9.249809356245791 2
1663531284428 8.066214888596791 3
1663531382403 8.036441244440287 4
1663531480538 6.835701902501102 5
1663531578625 6.119575669502213 6
1663531676853 5.870573987841977 7
1663531774947 5.199986972458926 8
1663531873071 4.883535684052534 9
1663531971268 4.440775479936979 10
1663532069327 3.7840754255451268 11
1663532167495 3.517296742056018 12
1663532265630 3.140453520511087 13
1663532363892 2.7882502327169276 14
1663532462149 2.5018111480565666 15
1663532560559 2.2397821268931355 16
1663532659022 1.715815450254713 17
1663532757504 1.4714387327112843 18
1663532855852 1.5892425325811013 19
1663532954291 1.2341329059352426 20
