1663531087989 0.9170993423329872 1
1663531186344 0.6391484942886813 2
1663531284428 0.5268258913118726 3
1663531382403 0.5335756317064728 4
1663531480538 0.4138110072689512 5
1663531578625 0.36015922464520594 6
1663531676853 0.3345448251990308 7
1663531774947 0.2843544479058498 8
1663531873071 0.2651436483212184 9
1663531971268 0.22793354101765317 10
1663532069327 0.19435790931118033 11
1663532167495 0.17307026652821045 12
1663532265630 0.148840429214261 13
1663532363892 0.13516787815853237 14
1663532462149 0.11820699203876774 15
1663532560559 0.1010730356524749 16
1663532659022 0.0761509172724126 17
1663532757504 0.06161301488404292 18
1663532855852 0.07078573901003808 19
1663532954291 0.05261336102457598 20
